2019-03-06-15-47-22-340	5032	0	0	620.0	491.0

2019-03-06-15-47-22-423	5033	0	1	620.0	491.0

2019-03-06-15-47-22-534	5034	0	0	1269.0	534.0

2019-03-06-15-47-22-644	5035	0	1	1269.0	534.0

2019-03-06-15-47-22-934	5036	0	0	583.0	500.0

2019-03-06-15-47-23-045	5037	0	1	583.0	500.0

2019-03-06-15-47-23-402	5038	0	0	603.0	458.0

2019-03-06-15-47-23-531	5039	0	1	603.0	458.0

2019-03-06-15-47-23-890	5040	0	0	571.0	469.0

2019-03-06-15-47-23-980	5041	0	1	571.0	469.0

2019-03-06-15-47-24-246	5042	0	0	148.0	549.0

2019-03-06-15-47-24-380	5043	0	1	148.0	549.0

2019-03-06-15-47-24-714	5044	0	0	288.0	442.0

2019-03-06-15-47-24-868	5045	0	1	284.0	465.0

2019-03-06-15-47-25-223	5046	0	0	276.0	515.0

2019-03-06-15-47-25-336	5047	0	1	276.0	515.0

2019-03-06-15-47-25-404	5048	0	0	1020.0	619.0

2019-03-06-15-47-25-558	5049	0	1	1020.0	619.0

2019-03-06-15-47-25-625	5050	0	0	446.0	367.0

2019-03-06-15-47-25-714	5051	0	1	446.0	367.0

2019-03-06-15-47-25-845	5052	0	0	1316.0	415.0

2019-03-06-15-47-25-972	5053	0	1	1316.0	415.0

2019-03-06-15-47-27-491	5054	0	0	582.0	530.0

2019-03-06-15-47-27-736	5055	0	1	582.0	530.0

2019-03-06-15-47-27-936	5056	0	0	571.0	454.0

2019-03-06-15-47-28-159	5057	0	1	566.32996	456.0

2019-03-06-15-47-28-319	5058	0	0	560.0	467.0

2019-03-06-15-47-28-468	5059	0	1	560.0	467.0

2019-03-06-15-47-28-601	5060	0	0	578.0	470.0

2019-03-06-15-47-28-737	5061	0	1	578.0	470.0

2019-03-06-15-47-29-263	5062	0	0	155.0	526.0

2019-03-06-15-47-29-576	5063	0	1	172.0	526.0

2019-03-06-15-47-29-779	5064	0	0	217.0	430.0

2019-03-06-15-47-30-048	5065	0	1	209.0	430.0

2019-03-06-15-47-30-430	5066	0	0	732.0	435.0

2019-03-06-15-47-30-561	5067	0	1	716.8884	430.9628

2019-03-06-15-47-30-801	5068	0	0	566.0	380.0

2019-03-06-15-47-31-024	5069	0	1	564.0	391.0

2019-03-06-15-47-31-226	5070	0	0	580.0	406.0

2019-03-06-15-47-31-382	5071	0	1	580.0	406.0

2019-03-06-15-47-31-753	5072	0	0	237.0	429.0

2019-03-06-15-47-32-295	5073	0	1	229.0	471.0

2019-03-06-15-47-32-581	5074	0	0	618.0	434.0

2019-03-06-15-47-32-973	5075	0	1	618.0	434.0

2019-03-06-15-47-33-314	5076	0	0	150.0	444.0

2019-03-06-15-47-33-625	5077	0	1	165.0	460.0

2019-03-06-15-47-33-759	5078	0	0	276.0	516.0

2019-03-06-15-47-33-849	5079	0	1	276.0	516.0

2019-03-06-15-47-34-159	5080	0	0	210.0	472.0

2019-03-06-15-47-34-292	5081	0	1	210.0	472.0

2019-03-06-15-47-34-581	5082	0	0	475.0	610.0

2019-03-06-15-47-34-714	5083	0	1	475.0	610.0

2019-03-06-15-47-34-937	5084	0	0	635.0	679.0

2019-03-06-15-47-35-048	5085	0	1	635.0	679.0

2019-03-06-15-47-35-291	5086	0	0	700.0	665.0

2019-03-06-15-47-35-446	5087	0	1	700.0	665.0

2019-03-06-15-47-35-582	5088	0	0	756.0	662.0

2019-03-06-15-47-35-804	5089	0	1	756.0	662.0

2019-03-06-15-47-36-003	5090	0	0	787.0	672.0

2019-03-06-15-47-36-206	5091	0	1	782.0	677.0

2019-03-06-15-47-36-330	5092	0	0	1201.0	709.0

2019-03-06-15-47-36-516	5093	0	1	1201.0	712.05237

2019-03-06-15-47-36-715	5094	0	0	1219.0	659.0

2019-03-06-15-47-36-825	5095	0	1	1219.0	659.0

2019-03-06-15-47-37-003	5096	0	0	1218.0	618.0

2019-03-06-15-47-37-119	5097	0	1	1218.0	618.0

2019-03-06-15-47-37-249	5098	0	0	1167.0	645.0

2019-03-06-15-47-37-530	5099	0	1	1167.0	645.0

2019-03-06-15-47-37-737	5100	0	0	1160.0	598.0

2019-03-06-15-47-38-533	5101	0	1	1152.3174	614.6826

2019-03-06-15-47-38-640	5102	0	0	1072.0	660.0

2019-03-06-15-47-39-583	5103	0	1	1072.0	660.0

2019-03-06-15-47-39-877	5104	0	0	989.0	684.0

2019-03-06-15-47-42-493	5105	0	1	978.0	656.0

2019-03-06-15-47-42-672	5106	0	0	900.0	677.0

2019-03-06-15-47-43-117	5107	0	1	891.0	676.0

2019-03-06-15-47-43-344	5108	0	0	781.0	705.0

2019-03-06-15-47-43-827	5109	0	1	769.0	703.0

2019-03-06-15-47-44-116	5110	0	0	908.0	513.0

2019-03-06-15-47-44-655	5111	0	1	956.0	560.0

2019-03-06-15-47-44-982	5112	0	0	1146.0	629.0

2019-03-06-15-47-45-452	5113	0	1	1116.0	620.0

2019-03-06-15-47-45-696	5114	0	0	1030.0	631.0

2019-03-06-15-47-46-178	5115	0	1	1030.0	631.0

2019-03-06-15-47-46-582	5116	0	0	822.0	580.0

2019-03-06-15-47-46-808	5117	0	1	822.0	580.0

2019-03-06-15-47-47-069	5118	0	0	709.0	622.0

2019-03-06-15-47-47-180	5119	0	1	709.0	622.0

2019-03-06-15-47-47-472	5120	0	0	732.0	541.0

2019-03-06-15-47-47-604	5121	0	1	732.0	541.0

2019-03-06-15-47-47-773	5122	0	0	694.0	439.0

2019-03-06-15-47-47-909	5123	0	1	694.0	439.0

2019-03-06-15-47-48-028	5124	0	0	1149.0	461.0

2019-03-06-15-47-48-182	5125	0	1	1149.0	461.0

2019-03-06-15-47-48-471	5126	0	0	616.0	522.0

2019-03-06-15-47-48-581	5127	0	1	616.0	522.0

2019-03-06-15-47-48-782	5128	0	0	1131.0	458.0

2019-03-06-15-47-48-931	5129	0	1	1131.0	458.0

2019-03-06-15-47-49-336	5130	0	0	537.0	488.0

2019-03-06-15-47-49-425	5131	0	1	537.0	488.0

2019-03-06-15-47-49-491	5132	0	0	1324.0	450.0

2019-03-06-15-47-49-627	5133	0	1	1324.0	450.0

2019-03-06-15-47-49-714	5134	0	0	468.0	518.0

2019-03-06-15-47-49-827	5135	0	1	468.0	518.0

2019-03-06-15-47-49-893	5136	0	0	1532.0	410.0

2019-03-06-15-47-50-004	5137	0	1	1532.0	410.0

2019-03-06-15-47-50-293	5138	0	0	228.0	515.0

2019-03-06-15-47-50-408	5139	0	1	228.0	515.0

2019-03-06-15-47-50-512	5140	0	0	1690.0	390.0

2019-03-06-15-47-50-626	5141	0	1	1690.0	390.0

2019-03-06-15-47-50-715	5142	0	0	147.0	372.0

2019-03-06-15-47-50-824	5143	0	1	147.0	372.0

2019-03-06-15-47-51-072	5144	0	0	1784.0	138.0

2019-03-06-15-47-51-186	5145	0	1	1784.0	138.0

2019-03-06-15-47-51-308	5146	0	0	1731.0	134.0

2019-03-06-15-47-51-413	5147	0	1	1731.0	134.0

2019-03-06-15-47-51-497	5148	0	0	1633.0	164.0

2019-03-06-15-47-51-593	5149	0	1	1633.0	164.0

2019-03-06-15-47-51-698	5150	0	0	1670.0	174.0

2019-03-06-15-47-51-802	5151	0	1	1670.0	174.0

2019-03-06-15-47-51-869	5152	0	0	1666.0	192.0

2019-03-06-15-47-51-981	5153	0	1	1666.0	192.0

2019-03-06-15-47-52-137	5154	0	0	359.0	301.0

2019-03-06-15-47-52-248	5155	0	1	359.0	301.0

2019-03-06-15-47-52-274	5156	0	0	1538.0	229.0

2019-03-06-15-47-52-359	5157	0	1	1538.0	229.0

2019-03-06-15-47-52-455	5158	0	0	482.0	282.0

2019-03-06-15-47-52-578	5159	0	1	482.0	282.0

2019-03-06-15-47-52-604	5160	0	0	1483.0	238.0

2019-03-06-15-47-52-668	5161	0	1	1483.0	238.0

2019-03-06-15-47-52-756	5162	0	0	608.0	282.0

2019-03-06-15-47-52-847	5163	0	1	608.0	282.0

2019-03-06-15-47-52-914	5164	0	0	1361.0	265.0

2019-03-06-15-47-53-003	5165	0	1	1361.0	265.0

2019-03-06-15-47-53-028	5166	0	0	728.0	248.0

2019-03-06-15-47-53-181	5167	0	1	728.0	248.0

2019-03-06-15-47-53-360	5168	0	0	840.0	218.0

2019-03-06-15-47-53-495	5169	0	1	840.0	218.0

2019-03-06-15-47-53-743	5170	0	0	928.0	409.0

2019-03-06-15-47-53-844	5171	0	1	928.0	409.0

2019-03-06-15-47-53-981	5172	0	0	1330.0	463.0

2019-03-06-15-47-54-071	5173	0	1	1330.0	463.0

2019-03-06-15-47-54-098	5174	0	0	784.0	478.0

2019-03-06-15-47-54-178	5175	0	1	784.0	478.0

2019-03-06-15-47-54-337	5176	0	0	1503.0	449.0

2019-03-06-15-47-54-426	5177	0	1	1503.0	449.0

2019-03-06-15-47-54-664	5178	0	0	633.0	430.0

2019-03-06-15-47-54-741	5179	0	1	633.0	430.0

2019-03-06-15-47-55-250	5180	0	0	431.0	469.0

2019-03-06-15-47-55-315	5181	0	1	431.0	469.0

2019-03-06-15-47-55-582	5182	0	0	275.0	498.0

2019-03-06-15-47-55-671	5183	0	1	275.0	498.0

2019-03-06-15-47-55-856	5184	0	0	173.0	354.0

2019-03-06-15-47-55-961	5185	0	1	173.0	354.0

2019-03-06-15-47-56-116	5186	0	0	379.0	337.0

2019-03-06-15-47-56-221	5187	0	1	379.0	337.0

2019-03-06-15-47-56-334	5188	0	0	430.0	348.0

2019-03-06-15-47-56-406	5189	0	1	430.0	348.0

2019-03-06-15-47-56-649	5190	0	0	489.0	321.0

2019-03-06-15-47-56-693	5191	0	1	489.0	321.0

2019-03-06-15-47-56-801	5192	0	0	486.0	257.0

2019-03-06-15-47-56-873	5193	0	1	486.0	257.0

2019-03-06-15-47-56-972	5194	0	0	510.0	259.0

2019-03-06-15-47-57-056	5195	0	1	510.0	259.0

2019-03-06-15-47-57-224	5196	0	0	625.0	446.0

2019-03-06-15-47-57-313	5197	0	1	625.0	446.0

2019-03-06-15-47-57-492	5198	0	0	763.0	493.0

2019-03-06-15-47-57-604	5199	0	1	763.0	493.0

2019-03-06-15-47-57-872	5200	0	0	748.0	459.0

2019-03-06-15-47-57-937	5201	0	1	748.0	459.0

2019-03-06-15-47-58-026	5202	0	0	738.0	438.0

2019-03-06-15-47-58-136	5203	0	1	738.0	438.0

2019-03-06-15-47-58-269	5204	0	0	755.0	422.0

2019-03-06-15-47-58-354	5205	0	1	755.0	422.0

2019-03-06-15-47-58-565	5206	0	0	873.0	469.0

2019-03-06-15-47-58-626	5207	0	1	873.0	469.0

2019-03-06-15-47-58-758	5208	0	0	924.0	469.0

2019-03-06-15-47-58-823	5209	0	1	924.0	469.0

2019-03-06-15-47-58-915	5210	0	0	947.0	466.0

2019-03-06-15-47-59-003	5211	0	1	947.0	466.0

2019-03-06-15-47-59-181	5212	0	0	1315.0	507.0

2019-03-06-15-47-59-273	5213	0	1	1315.0	507.0

2019-03-06-15-47-59-352	5214	0	0	1319.0	503.0

2019-03-06-15-47-59-436	5215	0	1	1319.0	503.0

2019-03-06-15-47-59-624	5216	0	0	808.0	679.0

2019-03-06-15-47-59-691	5217	0	1	808.0	679.0

2019-03-06-15-47-59-895	5218	0	0	1309.0	540.0

2019-03-06-15-47-59-980	5219	0	1	1309.0	540.0

2019-03-06-15-48-00-115	5220	0	0	697.0	512.0

2019-03-06-15-48-00-161	5221	0	1	697.0	512.0

2019-03-06-15-48-00-189	5222	0	0	1381.0	429.0

2019-03-06-15-48-00-288	5223	0	1	1381.0	429.0

2019-03-06-15-48-00-427	5224	0	0	627.0	487.0

2019-03-06-15-48-00-511	5225	0	1	627.0	487.0

2019-03-06-15-48-00-574	5226	0	0	1266.0	458.0

2019-03-06-15-48-00-672	5227	0	1	1266.0	458.0

2019-03-06-15-48-00-834	5228	0	0	1233.0	454.0

2019-03-06-15-48-00-914	5229	0	1	1233.0	454.0

2019-03-06-15-48-01-045	5230	0	0	1199.0	461.0

2019-03-06-15-48-01-159	5231	0	1	1199.0	461.0

2019-03-06-15-48-01-452	5232	0	0	1134.0	453.0

2019-03-06-15-48-01-536	5233	0	1	1134.0	453.0

2019-03-06-15-48-01-981	5234	0	0	822.0	514.0

2019-03-06-15-48-02-070	5235	0	1	822.0	514.0

2019-03-06-15-48-02-271	5236	0	0	1218.0	664.0

2019-03-06-15-48-02-382	5237	0	1	1218.0	664.0

2019-03-06-15-48-02-627	5238	0	0	729.0	650.0

2019-03-06-15-48-02-719	5239	0	1	729.0	650.0

2019-03-06-15-48-02-873	5240	0	0	1388.0	461.0

2019-03-06-15-48-02-934	5241	0	1	1388.0	461.0

2019-03-06-15-48-03-025	5242	0	0	607.0	625.0

2019-03-06-15-48-03-181	5243	0	1	607.0	625.0

2019-03-06-15-48-03-360	5244	0	0	1230.0	484.0

2019-03-06-15-48-03-448	5245	0	1	1230.0	484.0

2019-03-06-15-48-03-850	5246	0	0	771.0	509.0

2019-03-06-15-48-03-938	5247	0	1	771.0	509.0

2019-03-06-15-48-04-204	5248	0	0	773.0	387.0

2019-03-06-15-48-04-361	5249	0	1	773.0	387.0

2019-03-06-15-48-04-672	5250	0	0	660.0	303.0

2019-03-06-15-48-04-786	5251	0	1	660.0	303.0

2019-03-06-15-48-05-027	5252	0	0	402.0	215.0

2019-03-06-15-48-05-163	5253	0	1	402.0	215.0

2019-03-06-15-48-05-494	5254	0	0	212.0	235.0

2019-03-06-15-48-05-604	5255	0	1	212.0	235.0

2019-03-06-15-48-05-827	5256	0	0	70.0	197.0

2019-03-06-15-48-05-939	5257	0	1	70.0	197.0

2019-03-06-15-48-06-188	5258	0	0	386.0	224.0

2019-03-06-15-48-06-304	5259	0	1	386.0	224.0

2019-03-06-15-48-06-854	5260	0	0	732.0	262.0

2019-03-06-15-48-06-986	5261	0	1	732.0	262.0

2019-03-06-15-48-07-228	5262	0	0	822.0	218.0

2019-03-06-15-48-07-403	5263	0	1	818.9766	211.97662

2019-03-06-15-48-07-782	5264	0	0	941.0	359.0

2019-03-06-15-48-07-916	5265	0	1	937.0	374.0

2019-03-06-15-48-08-117	5266	0	0	768.0	470.0

2019-03-06-15-48-08-204	5267	0	1	768.0	470.0

2019-03-06-15-48-08-315	5268	0	0	1337.0	477.0

2019-03-06-15-48-08-409	5269	0	1	1337.0	477.0

2019-03-06-15-48-08-548	5270	0	0	591.0	426.0

2019-03-06-15-48-08-671	5271	0	1	591.0	426.0

2019-03-06-15-48-08-720	5272	0	0	1236.0	478.0

2019-03-06-15-48-08-844	5273	0	1	1236.0	478.0

2019-03-06-15-48-09-027	5274	0	0	445.0	317.0

2019-03-06-15-48-09-158	5275	0	1	445.0	317.0

2019-03-06-15-48-09-364	5276	0	0	281.0	272.0

2019-03-06-15-48-09-526	5277	0	1	281.0	272.0

2019-03-06-15-48-09-627	5278	0	0	209.0	302.0

2019-03-06-15-48-09-749	5279	0	1	209.0	302.0

2019-03-06-15-48-09-910	5280	0	0	1791.0	176.0

2019-03-06-15-48-10-026	5281	0	1	1791.0	176.0

2019-03-06-15-48-10-158	5282	0	0	409.0	447.0

2019-03-06-15-48-10-293	5283	0	1	409.0	447.0

2019-03-06-15-48-10-302	5284	0	0	1592.0	222.0

2019-03-06-15-48-10-403	5285	0	1	1592.0	222.0

2019-03-06-15-48-10-528	5286	0	0	599.0	439.0

2019-03-06-15-48-10-640	5287	0	1	599.0	439.0

2019-03-06-15-48-10-685	5288	0	0	1420.0	333.0

2019-03-06-15-48-10-789	5289	0	1	1420.0	333.0

2019-03-06-15-48-10-937	5290	0	0	717.0	479.0

2019-03-06-15-48-11-008	5291	0	1	717.0	479.0

2019-03-06-15-48-11-062	5292	0	0	1325.0	437.0

2019-03-06-15-48-11-187	5293	0	1	1325.0	437.0

2019-03-06-15-48-11-275	5294	0	0	778.0	588.0

2019-03-06-15-48-11-375	5295	0	1	778.0	588.0

2019-03-06-15-48-11-423	5296	0	0	1231.0	468.0

2019-03-06-15-48-11-533	5297	0	1	1231.0	468.0

2019-03-06-15-48-11-601	5298	0	0	823.0	685.0

2019-03-06-15-48-11-713	5299	0	1	823.0	685.0

2019-03-06-15-48-11-864	5300	0	0	679.0	674.0

2019-03-06-15-48-12-002	5301	0	1	664.0	684.0

2019-03-06-15-48-12-046	5302	0	0	1202.0	659.0

2019-03-06-15-48-12-131	5303	0	1	1202.0	659.0

2019-03-06-15-48-12-176	5304	0	0	596.0	665.0

2019-03-06-15-48-12-290	5305	0	1	596.0	665.0

2019-03-06-15-48-12-403	5306	0	0	1350.0	616.0

2019-03-06-15-48-12-447	5307	0	5	526.0	504.0

2019-03-06-15-48-12-491	5308	0	6	1350.0	616.0

2019-03-06-15-48-12-517	5309	0	1	526.0	504.0

2019-03-06-15-48-12-619	5310	0	0	550.0	513.0

2019-03-06-15-48-12-714	5311	0	1	550.0	513.0

2019-03-06-15-48-12-852	5312	0	0	1395.0	502.0

2019-03-06-15-48-12-899	5313	0	5	811.0	667.0

2019-03-06-15-48-12-907	5314	0	6	1395.0	502.0

2019-03-06-15-48-12-936	5315	0	1	811.0	667.0

2019-03-06-15-48-13-073	5316	0	0	873.0	702.0

2019-03-06-15-48-13-137	5317	0	1	873.0	702.0

2019-03-06-15-48-13-265	5318	0	0	695.0	653.0

2019-03-06-15-48-13-293	5319	0	1	695.0	653.0

2019-03-06-15-48-13-433	5320	0	0	589.0	558.0

2019-03-06-15-48-13-461	5321	0	1	589.0	558.0

2019-03-06-15-48-13-619	5322	0	0	553.0	506.0

2019-03-06-15-48-13-648	5323	0	1	553.0	506.0

2019-03-06-15-48-13-677	5324	0	0	1406.0	463.0

2019-03-06-15-48-13-760	5325	0	1	1406.0	463.0

2019-03-06-15-48-13-834	5326	0	0	583.0	480.0

2019-03-06-15-48-13-897	5327	0	1	583.0	480.0

2019-03-06-15-48-13-985	5328	0	0	1295.0	454.0

2019-03-06-15-48-14-066	5329	0	1	1295.0	454.0

2019-03-06-15-48-14-133	5330	0	0	688.0	510.0

2019-03-06-15-48-14-196	5331	0	1	688.0	510.0

2019-03-06-15-48-14-279	5332	0	0	1181.0	529.0

2019-03-06-15-48-14-358	5333	0	1	1181.0	529.0

2019-03-06-15-48-14-536	5334	0	0	1194.0	644.0

2019-03-06-15-48-14-604	5335	0	1	1194.0	644.0

2019-03-06-15-48-14-758	5336	0	0	773.0	544.0

2019-03-06-15-48-14-844	5337	0	1	773.0	544.0

2019-03-06-15-48-14-915	5338	0	0	1341.0	607.0

2019-03-06-15-48-14-943	5339	0	1	1341.0	607.0

2019-03-06-15-48-15-084	5340	0	0	755.0	639.0

2019-03-06-15-48-15-165	5341	0	1	755.0	639.0

2019-03-06-15-48-15-192	5342	0	0	1415.0	446.0

2019-03-06-15-48-15-276	5343	0	1	1415.0	446.0

2019-03-06-15-48-15-338	5344	0	0	649.0	665.0

2019-03-06-15-48-15-423	5345	0	1	649.0	665.0

2019-03-06-15-48-15-469	5346	0	0	1245.0	476.0

2019-03-06-15-48-15-553	5347	0	1	1245.0	476.0

2019-03-06-15-48-15-597	5348	0	0	563.0	541.0

2019-03-06-15-48-15-698	5349	0	1	563.0	541.0

2019-03-06-15-48-15-731	5350	0	0	1194.0	607.0

2019-03-06-15-48-15-810	5351	0	1	1194.0	607.0

2019-03-06-15-48-15-885	5352	0	0	733.0	538.0

2019-03-06-15-48-15-954	5353	0	1	733.0	538.0

2019-03-06-15-48-16-112	5354	0	0	1374.0	612.0

2019-03-06-15-48-16-195	5355	0	1	1374.0	612.0

2019-03-06-15-48-16-467	5356	0	0	1364.0	611.0

2019-03-06-15-48-16-556	5357	0	1	1364.0	611.0

2019-03-06-15-48-16-646	5358	0	0	1325.0	634.0

2019-03-06-15-48-16-710	5359	0	1	1325.0	634.0

2019-03-06-15-48-16-778	5360	0	0	1324.0	640.0

2019-03-06-15-48-16-844	5361	0	1	1324.0	640.0

2019-03-06-15-48-16-913	5362	0	0	1324.0	640.0

2019-03-06-15-48-16-958	5363	0	1	1324.0	640.0

2019-03-06-15-48-17-022	5364	0	0	1318.0	646.0

2019-03-06-15-48-17-069	5365	0	1	1318.0	646.0

2019-03-06-15-48-17-134	5366	0	0	1285.0	657.0

2019-03-06-15-48-17-223	5367	0	1	1285.0	657.0

2019-03-06-15-48-17-291	5368	0	0	1258.0	668.0

2019-03-06-15-48-17-319	5369	0	1	1258.0	668.0

2019-03-06-15-48-17-399	5370	0	0	1241.0	664.0

2019-03-06-15-48-17-555	5371	0	1	1241.0	664.0

2019-03-06-15-48-17-691	5372	0	0	1229.0	651.0

2019-03-06-15-48-17-719	5373	0	1	1229.0	651.0

2019-03-06-15-48-17-934	5374	0	0	1154.0	690.0

2019-03-06-15-48-18-001	5375	0	1	1154.0	690.0

2019-03-06-15-48-18-120	5376	0	0	1176.0	636.0

2019-03-06-15-48-18-147	5377	0	1	1176.0	636.0

2019-03-06-15-48-18-261	5378	0	0	1281.0	515.0

2019-03-06-15-48-18-289	5379	0	1	1281.0	515.0

2019-03-06-15-48-18-390	5380	0	0	1409.0	431.0

2019-03-06-15-48-18-443	5381	0	1	1409.0	431.0

2019-03-06-15-48-18-527	5382	0	0	1494.0	408.0

2019-03-06-15-48-18-576	5383	0	1	1494.0	408.0

2019-03-06-15-48-18-623	5384	0	0	863.0	683.0

2019-03-06-15-48-18-734	5385	0	1	863.0	683.0

2019-03-06-15-48-18-799	5386	0	0	1373.0	445.0

2019-03-06-15-48-18-866	5387	0	1	1373.0	445.0

2019-03-06-15-48-18-979	5388	0	0	758.0	504.0

2019-03-06-15-48-19-092	5389	0	1	758.0	504.0

2019-03-06-15-48-19-119	5390	0	0	1335.0	467.0

2019-03-06-15-48-19-202	5391	0	1	1335.0	467.0

2019-03-06-15-48-19-266	5392	0	0	750.0	420.0

2019-03-06-15-48-19-378	5393	0	1	750.0	420.0

2019-03-06-15-48-19-426	5394	0	0	1350.0	462.0

2019-03-06-15-48-19-515	5395	0	1	1350.0	462.0

2019-03-06-15-48-19-562	5396	0	0	570.0	427.0

2019-03-06-15-48-19-685	5397	0	1	570.0	427.0

2019-03-06-15-48-19-731	5398	0	0	1514.0	377.0

2019-03-06-15-48-19-812	5399	0	1	1514.0	377.0

2019-03-06-15-48-19-934	5400	0	0	382.0	327.0

2019-03-06-15-48-20-040	5401	0	1	382.0	327.0

2019-03-06-15-48-20-086	5402	0	0	1648.0	293.0

2019-03-06-15-48-20-215	5403	0	1	1648.0	293.0

2019-03-06-15-48-20-819	5404	0	0	129.0	228.0

2019-03-06-15-48-20-997	5405	0	1	101.0	233.0

2019-03-06-15-48-21-141	5406	0	0	1919.0	159.0

2019-03-06-15-48-21-273	5407	0	1	1919.0	159.0

2019-03-06-15-48-21-537	5408	0	0	1770.0	186.0

2019-03-06-15-48-21-674	5409	0	1	1770.0	186.0

2019-03-06-15-48-21-826	5410	0	0	360.0	249.0

2019-03-06-15-48-21-970	5411	0	1	360.0	249.0

2019-03-06-15-48-22-075	5412	0	0	1598.0	230.0

2019-03-06-15-48-22-254	5413	0	1	1596.0	236.0

2019-03-06-15-48-22-281	5414	0	0	517.0	305.0

2019-03-06-15-48-22-421	5415	0	1	517.0	305.0

2019-03-06-15-48-22-648	5416	0	0	1513.0	254.0

2019-03-06-15-48-22-782	5417	0	1	1513.0	254.0

2019-03-06-15-48-22-960	5418	0	0	1651.0	229.0

2019-03-06-15-48-23-077	5419	0	1	1651.0	229.0

2019-03-06-15-48-23-181	5420	0	0	1810.0	186.0

2019-03-06-15-48-23-336	5421	0	1	1810.0	186.0

2019-03-06-15-48-23-422	5422	0	0	1617.0	214.0

2019-03-06-15-48-23-558	5423	0	1	1617.0	214.0

2019-03-06-15-48-23-760	5424	0	0	1576.0	230.0

2019-03-06-15-48-23-849	5425	0	1	1576.0	230.0

2019-03-06-15-48-23-986	5426	0	0	1521.0	251.0

2019-03-06-15-48-24-190	5427	0	1	1521.0	251.0

2019-03-06-15-48-24-514	5428	0	0	1597.0	164.0

2019-03-06-15-48-24-849	5429	0	1	1597.0	164.0

2019-03-06-15-48-24-982	5430	0	0	1464.0	186.0

2019-03-06-15-48-25-761	5431	0	1	1463.0	187.0

2019-03-06-15-48-26-006	5432	0	0	1321.0	231.0

2019-03-06-15-48-30-451	5433	0	1	1409.0	220.0

2019-03-06-15-48-30-743	5434	0	0	1581.0	183.0

2019-03-06-15-48-31-253	5435	0	1	1569.0	207.0

2019-03-06-15-48-31-430	5436	0	0	1486.0	212.0

2019-03-06-15-48-31-648	5437	0	1	1479.0	215.0

2019-03-06-15-48-31-806	5438	0	0	1379.0	242.0

2019-03-06-15-48-31-984	5439	0	1	1379.0	245.0

2019-03-06-15-48-32-964	5440	0	0	1583.0	196.0

2019-03-06-15-48-33-938	5441	0	1	1572.0	200.0

2019-03-06-15-48-34-296	5442	0	0	1520.0	208.0

2019-03-06-15-48-34-731	5443	0	1	1520.0	223.0

2019-03-06-15-48-35-074	5444	0	0	1679.0	187.0

2019-03-06-15-48-36-362	5445	0	1	1679.0	191.0

2019-03-06-15-48-37-195	5446	0	0	1688.0	180.0

2019-03-06-15-48-39-940	5447	0	1	1775.0	157.0

2019-03-06-15-48-40-296	5448	0	0	1750.0	165.0

2019-03-06-15-48-40-469	5449	0	1	1750.0	165.0

2019-03-06-15-48-40-851	5450	0	0	1705.0	184.0

2019-03-06-15-48-40-985	5451	0	1	1705.0	184.0

2019-03-06-15-48-42-720	5452	0	0	1619.0	216.0

2019-03-06-15-48-42-900	5453	0	1	1619.0	216.0

2019-03-06-15-48-43-406	5454	0	0	1604.0	224.0

2019-03-06-15-48-43-741	5455	0	1	1604.0	224.0

2019-03-06-15-48-44-008	5456	0	0	1581.0	237.0

2019-03-06-15-48-44-340	5457	0	1	1581.0	237.0

2019-03-06-15-48-44-851	5458	0	0	1566.0	215.0

2019-03-06-15-48-45-163	5459	0	1	1566.0	215.0

2019-03-06-15-48-45-474	5460	0	0	1519.0	232.0

2019-03-06-15-48-46-050	5461	0	1	1519.0	243.0

2019-03-06-15-48-46-373	5462	0	0	1516.0	233.0

2019-03-06-15-48-46-605	5463	0	1	1517.0	238.0

2019-03-06-15-48-46-917	5464	0	0	1505.0	202.0

2019-03-06-15-48-47-096	5465	0	1	1505.0	202.0

2019-03-06-15-48-47-340	5466	0	0	1602.0	174.0

2019-03-06-15-48-47-476	5467	0	1	1602.0	174.0

2019-03-06-15-48-47-628	5468	0	0	1424.0	228.0

2019-03-06-15-48-47-757	5469	0	1	1424.0	228.0

2019-03-06-15-48-47-985	5470	0	0	1461.0	205.0

2019-03-06-15-48-48-073	5471	0	1	1461.0	205.0

2019-03-06-15-48-48-208	5472	0	0	1360.0	238.0

2019-03-06-15-48-48-291	5473	0	1	1360.0	238.0

2019-03-06-15-48-48-404	5474	0	0	1361.0	241.0

2019-03-06-15-48-48-472	5475	0	1	1361.0	241.0

2019-03-06-15-48-48-577	5476	0	0	1457.0	206.0

2019-03-06-15-48-48-639	5477	0	1	1457.0	206.0

2019-03-06-15-48-48-778	5478	0	0	525.0	357.0

2019-03-06-15-48-48-850	5479	0	5	1381.0	222.0

2019-03-06-15-48-48-877	5480	0	6	1381.0	222.0

2019-03-06-15-48-48-905	5481	0	1	512.0	357.0

2019-03-06-15-48-48-977	5482	0	0	1442.0	203.0

2019-03-06-15-48-49-062	5483	0	1	1442.0	203.0

2019-03-06-15-48-49-127	5484	0	0	241.0	564.0

2019-03-06-15-48-49-211	5485	0	1	262.1398	570.71326

2019-03-06-15-48-49-256	5486	0	0	1434.0	218.0

2019-03-06-15-48-49-342	5487	0	5	400.0	558.0

2019-03-06-15-48-49-388	5488	0	6	1434.0	218.0

2019-03-06-15-48-49-416	5489	0	1	400.0	558.0

2019-03-06-15-48-49-503	5490	0	0	612.0	529.0

2019-03-06-15-48-49-569	5491	0	5	1315.0	287.0

2019-03-06-15-48-49-617	5492	0	6	612.0	529.0

2019-03-06-15-48-49-663	5493	0	1	1315.0	287.0

2019-03-06-15-48-49-836	5494	0	0	682.0	372.0

2019-03-06-15-48-49-899	5495	0	1	682.0	372.0

2019-03-06-15-48-49-930	5496	0	0	1410.0	220.0

2019-03-06-15-48-50-001	5497	0	1	1410.0	220.0

2019-03-06-15-48-50-115	5498	0	0	1463.0	196.0

2019-03-06-15-48-50-181	5499	0	1	1463.0	196.0

2019-03-06-15-48-50-383	5500	0	0	1285.0	248.0

2019-03-06-15-48-50-462	5501	0	1	1285.0	248.0

2019-03-06-15-48-50-529	5502	0	0	1284.0	238.0

2019-03-06-15-48-50-557	5503	0	1	1284.0	238.0

2019-03-06-15-48-50-642	5504	0	0	1296.0	229.0

2019-03-06-15-48-50-721	5505	0	1	1296.0	229.0

2019-03-06-15-48-50-843	5506	0	0	1404.0	169.0

2019-03-06-15-48-50-948	5507	0	1	1404.0	169.0

2019-03-06-15-48-51-015	5508	0	0	1357.0	172.0

2019-03-06-15-48-51-116	5509	0	1	1357.0	172.0

2019-03-06-15-48-51-216	5510	0	0	1300.0	204.0

2019-03-06-15-48-51-278	5511	0	1	1300.0	204.0

2019-03-06-15-48-51-378	5512	0	0	1268.0	222.0

2019-03-06-15-48-51-427	5513	0	1	1268.0	222.0

2019-03-06-15-48-51-634	5514	0	0	670.0	349.0

2019-03-06-15-48-51-753	5515	0	1	670.0	349.0

2019-03-06-15-48-51-838	5516	0	0	1352.0	247.0

2019-03-06-15-48-51-941	5517	0	1	1352.0	247.0

2019-03-06-15-48-52-065	5518	0	0	769.0	362.0

2019-03-06-15-48-52-146	5519	0	1	769.0	362.0

2019-03-06-15-48-52-173	5520	0	0	1229.0	443.0

2019-03-06-15-48-52-285	5521	0	1	1229.0	443.0

2019-03-06-15-48-52-547	5522	0	0	786.0	477.0

2019-03-06-15-48-52-627	5523	0	1	786.0	477.0

2019-03-06-15-48-52-636	5524	0	0	1259.0	604.0

2019-03-06-15-48-52-705	5525	0	1	1262.0	604.0

2019-03-06-15-48-52-847	5526	0	0	722.0	640.0

2019-03-06-15-48-52-914	5527	0	1	722.0	640.0

2019-03-06-15-48-52-958	5528	0	0	1460.0	500.0

2019-03-06-15-48-53-060	5529	0	1	1460.0	500.0

2019-03-06-15-48-53-141	5530	0	0	593.0	657.0

2019-03-06-15-48-53-245	5531	0	1	575.0	653.0

2019-03-06-15-48-53-273	5532	0	0	1582.0	406.0

2019-03-06-15-48-53-320	5533	0	1	1582.0	406.0

2019-03-06-15-48-53-371	5534	0	0	316.0	478.0

2019-03-06-15-48-53-461	5535	0	1	316.0	478.0

2019-03-06-15-48-53-516	5536	0	0	1640.0	327.0

2019-03-06-15-48-53-546	5537	0	1	1640.0	327.0

2019-03-06-15-48-53-591	5538	0	0	112.0	326.0

2019-03-06-15-48-53-699	5539	0	1	112.0	326.0

2019-03-06-15-48-53-726	5540	0	0	1646.0	239.0

2019-03-06-15-48-53-773	5541	0	1	1633.0	241.0

2019-03-06-15-48-53-842	5542	0	0	480.0	309.0

2019-03-06-15-48-53-907	5543	0	5	1336.0	314.0

2019-03-06-15-48-53-936	5544	0	6	480.0	309.0

2019-03-06-15-48-53-966	5545	0	1	1336.0	314.0

2019-03-06-15-48-54-158	5546	0	0	611.0	405.0

2019-03-06-15-48-54-243	5547	0	1	611.0	405.0

2019-03-06-15-48-54-252	5548	0	0	1294.0	408.0

2019-03-06-15-48-54-334	5549	0	1	1299.0	419.0

2019-03-06-15-48-54-400	5550	0	0	732.0	526.0

2019-03-06-15-48-54-484	5551	0	1	732.0	526.0

2019-03-06-15-48-54-519	5552	0	0	1240.0	462.0

2019-03-06-15-48-54-594	5553	0	1	1240.0	462.0

2019-03-06-15-48-54-660	5554	0	0	790.0	386.0

2019-03-06-15-48-54-742	5555	0	1	795.0	368.0

2019-03-06-15-48-54-786	5556	0	0	1214.0	445.0

2019-03-06-15-48-54-850	5557	0	1	1214.0	445.0

2019-03-06-15-48-54-878	5558	0	0	763.0	271.0

2019-03-06-15-48-54-975	5559	0	1	763.0	271.0

2019-03-06-15-48-55-003	5560	0	0	1386.0	344.0

2019-03-06-15-48-55-103	5561	0	1	1386.0	344.0

2019-03-06-15-48-55-186	5562	0	0	714.0	392.0

2019-03-06-15-48-55-267	5563	0	1	714.0	392.0

2019-03-06-15-48-55-295	5564	0	0	1245.0	291.0

2019-03-06-15-48-55-397	5565	0	1	1245.0	291.0

2019-03-06-15-48-55-511	5566	0	0	804.0	584.0

2019-03-06-15-48-55-623	5567	0	1	804.0	584.0

2019-03-06-15-48-55-632	5568	0	0	1203.0	257.0

2019-03-06-15-48-55-722	5569	0	1	1203.0	257.0

2019-03-06-15-48-55-849	5570	0	0	752.0	553.0

2019-03-06-15-48-55-982	5571	0	1	752.0	553.0

2019-03-06-15-48-56-011	5572	0	0	1326.0	243.0

2019-03-06-15-48-56-134	5573	0	1	1326.0	243.0

2019-03-06-15-48-56-234	5574	0	0	661.0	509.0

2019-03-06-15-48-56-318	5575	0	1	661.0	509.0

2019-03-06-15-48-56-416	5576	0	0	1352.0	313.0

2019-03-06-15-48-56-537	5577	0	1	1352.0	313.0

2019-03-06-15-48-56-640	5578	0	0	582.0	452.0

2019-03-06-15-48-56-743	5579	0	1	582.0	452.0

2019-03-06-15-48-56-948	5580	0	0	1326.0	423.0

2019-03-06-15-48-57-028	5581	0	1	1329.0	438.0

2019-03-06-15-48-57-271	5582	0	0	1179.0	929.0

2019-03-06-15-48-57-356	5583	0	1	1179.0	929.0

2019-03-06-15-48-57-732	5584	0	0	692.0	476.0

2019-03-06-15-48-57-833	5585	0	1	692.0	476.0

2019-03-06-15-48-58-065	5586	0	0	341.0	469.0

2019-03-06-15-48-58-165	5587	0	1	341.0	469.0

2019-03-06-15-48-58-471	5588	0	0	682.0	454.0

2019-03-06-15-48-58-539	5589	0	1	682.0	454.0

2019-03-06-15-48-58-670	5590	0	0	1353.0	518.0

2019-03-06-15-48-58-803	5591	0	1	1353.0	518.0

2019-03-06-15-48-58-854	5592	0	0	865.0	520.0

2019-03-06-15-48-58-936	5593	0	1	865.0	520.0

2019-03-06-15-48-59-005	5594	0	0	1451.0	392.0

2019-03-06-15-48-59-106	5595	0	1	1451.0	392.0

2019-03-06-15-48-59-191	5596	0	0	973.0	690.0

2019-03-06-15-48-59-273	5597	0	5	1596.0	272.0

2019-03-06-15-48-59-301	5598	0	6	973.0	690.0

2019-03-06-15-48-59-369	5599	0	1	1594.0	280.0

2019-03-06-15-48-59-495	5600	0	0	746.0	649.0

2019-03-06-15-48-59-608	5601	0	1	746.0	649.0

2019-03-06-15-48-59-636	5602	0	0	1853.0	203.0

2019-03-06-15-48-59-738	5603	0	1	1853.0	203.0

2019-03-06-15-48-59-841	5604	0	0	449.0	552.0

2019-03-06-15-48-59-939	5605	0	1	449.0	552.0

2019-03-06-15-48-59-988	5606	0	0	1666.0	246.0

2019-03-06-15-49-00-087	5607	0	1	1666.0	246.0

2019-03-06-15-49-00-173	5608	0	0	556.0	470.0

2019-03-06-15-49-00-274	5609	0	1	556.0	470.0

2019-03-06-15-49-00-323	5610	0	0	1480.0	340.0

2019-03-06-15-49-00-422	5611	0	1	1480.0	340.0

2019-03-06-15-49-00-693	5612	0	0	695.0	430.0

2019-03-06-15-49-00-808	5613	0	1	695.0	430.0

2019-03-06-15-49-00-835	5614	0	0	1309.0	484.0

2019-03-06-15-49-00-934	5615	0	1	1309.0	484.0

2019-03-06-15-49-01-248	5616	0	0	616.0	322.0

2019-03-06-15-49-01-357	5617	0	1	616.0	322.0

2019-03-06-15-49-01-624	5618	0	0	282.0	318.0

2019-03-06-15-49-01-759	5619	0	1	243.0	333.0

2019-03-06-15-49-02-026	5620	0	0	348.0	443.0

2019-03-06-15-49-02-159	5621	0	1	348.0	443.0

2019-03-06-15-49-02-168	5622	0	0	1468.0	382.0

2019-03-06-15-49-02-273	5623	0	1	1468.0	382.0

2019-03-06-15-49-02-342	5624	0	0	578.0	515.0

2019-03-06-15-49-02-432	5625	0	1	578.0	515.0

2019-03-06-15-49-02-459	5626	0	0	1349.0	459.0

2019-03-06-15-49-02-567	5627	0	1	1349.0	459.0

2019-03-06-15-49-02-648	5628	0	0	754.0	618.0

2019-03-06-15-49-02-750	5629	0	1	754.0	618.0

2019-03-06-15-49-02-829	5630	0	0	1266.0	588.0

2019-03-06-15-49-02-949	5631	0	1	1266.0	588.0

2019-03-06-15-49-03-120	5632	0	0	910.0	872.0

2019-03-06-15-49-03-243	5633	0	1	915.0	940.0

2019-03-06-15-49-03-335	5634	0	0	1286.0	574.0

2019-03-06-15-49-03-447	5635	0	1	1286.0	574.0

2019-03-06-15-49-03-475	5636	0	0	883.0	959.0

2019-03-06-15-49-03-561	5637	0	1	883.0	959.0

2019-03-06-15-49-03-609	5638	0	0	1498.0	409.0

2019-03-06-15-49-03-713	5639	0	1	1498.0	409.0

2019-03-06-15-49-03-794	5640	0	0	602.0	637.0

2019-03-06-15-49-03-861	5641	0	1	602.0	637.0

2019-03-06-15-49-03-907	5642	0	0	1518.0	355.0

2019-03-06-15-49-04-010	5643	0	1	1518.0	355.0

2019-03-06-15-49-04-112	5644	0	0	515.0	491.0

2019-03-06-15-49-04-160	5645	0	1	515.0	491.0

2019-03-06-15-49-04-187	5646	0	0	1346.0	420.0

2019-03-06-15-49-04-294	5647	0	1	1346.0	420.0

2019-03-06-15-49-04-364	5648	0	0	609.0	391.0

2019-03-06-15-49-04-486	5649	0	5	1282.0	479.0

2019-03-06-15-49-04-512	5650	0	6	612.0	369.0

2019-03-06-15-49-04-669	5651	0	1	1281.0	496.0

2019-03-06-15-49-04-699	5652	0	0	670.0	309.0

2019-03-06-15-49-04-842	5653	0	1	670.0	309.0

2019-03-06-15-49-04-890	5654	0	0	1236.0	544.0

2019-03-06-15-49-05-047	5655	0	1	1245.0	541.0

2019-03-06-15-49-05-262	5656	0	0	486.0	294.0

2019-03-06-15-49-05-384	5657	0	1	486.0	294.0

2019-03-06-15-49-05-582	5658	0	0	138.0	318.0

2019-03-06-15-49-05-690	5659	0	1	138.0	318.0

2019-03-06-15-49-05-826	5660	0	0	1865.0	159.0

2019-03-06-15-49-05-914	5661	0	1	1839.0	157.0

2019-03-06-15-49-06-003	5662	0	0	404.0	296.0

2019-03-06-15-49-06-092	5663	0	5	1577.0	165.0

2019-03-06-15-49-06-137	5664	0	6	404.0	296.0

2019-03-06-15-49-06-227	5665	0	1	1578.0	195.0

2019-03-06-15-49-06-328	5666	0	0	585.0	327.0

2019-03-06-15-49-06-432	5667	0	1	585.0	327.0

2019-03-06-15-49-06-441	5668	0	0	1349.0	329.0

2019-03-06-15-49-06-545	5669	0	1	1350.0	338.0

2019-03-06-15-49-06-624	5670	0	0	674.0	340.0

2019-03-06-15-49-06-791	5671	0	1	672.0	340.0

2019-03-06-15-49-06-837	5672	0	0	1288.0	467.0

2019-03-06-15-49-06-979	5673	0	1	1297.0	480.0

2019-03-06-15-49-07-047	5674	0	0	825.0	278.0

2019-03-06-15-49-07-201	5675	0	5	1283.0	661.0

2019-03-06-15-49-07-237	5676	0	6	819.0	283.0

2019-03-06-15-49-07-338	5677	0	1	1307.0	681.0

2019-03-06-15-49-07-557	5678	0	0	816.0	513.0

2019-03-06-15-49-07-676	5679	0	1	782.0	567.0

2019-03-06-15-49-07-685	5680	0	0	1460.0	601.0

2019-03-06-15-49-07-788	5681	0	1	1467.0	601.0

2019-03-06-15-49-07-874	5682	0	0	855.0	724.0

2019-03-06-15-49-08-012	5683	0	1	855.0	724.0

2019-03-06-15-49-08-041	5684	0	0	1497.0	509.0

2019-03-06-15-49-08-181	5685	0	1	1497.0	509.0

2019-03-06-15-49-08-226	5686	0	0	731.0	532.0

2019-03-06-15-49-08-347	5687	0	1	731.0	532.0

2019-03-06-15-49-08-374	5688	0	0	1346.0	505.0

2019-03-06-15-49-08-476	5689	0	1	1346.0	505.0

2019-03-06-15-49-08-559	5690	0	0	752.0	473.0

2019-03-06-15-49-08-700	5691	0	1	752.0	473.0

2019-03-06-15-49-08-746	5692	0	0	1183.0	467.0

2019-03-06-15-49-08-882	5693	0	1	1189.0	465.0

2019-03-06-15-49-09-205	5694	0	0	566.0	466.0

2019-03-06-15-49-09-291	5695	0	1	566.0	466.0

2019-03-06-15-49-09-403	5696	0	0	1505.0	417.0

2019-03-06-15-49-09-452	5697	0	1	1505.0	417.0

2019-03-06-15-49-09-693	5698	0	0	545.0	434.0

2019-03-06-15-49-09-805	5699	0	1	545.0	434.0

2019-03-06-15-49-09-833	5700	0	0	1415.0	408.0

2019-03-06-15-49-09-886	5701	0	1	1415.0	408.0

2019-03-06-15-49-10-093	5702	0	0	429.0	388.0

2019-03-06-15-49-10-233	5703	0	1	415.0	414.0

2019-03-06-15-49-10-357	5704	0	0	1507.0	401.0

2019-03-06-15-49-10-426	5705	0	1	1507.0	401.0

2019-03-06-15-49-10-583	5706	0	0	368.0	303.0

2019-03-06-15-49-10-719	5707	0	1	368.0	303.0

2019-03-06-15-49-10-748	5708	0	0	1593.0	269.0

2019-03-06-15-49-10-870	5709	0	1	1593.0	269.0

2019-03-06-15-49-10-915	5710	0	0	544.0	322.0

2019-03-06-15-49-11-044	5711	0	1	544.0	322.0

2019-03-06-15-49-11-108	5712	0	0	1861.0	185.0

2019-03-06-15-49-11-231	5713	0	1	1861.0	185.0

2019-03-06-15-49-11-381	5714	0	0	688.0	331.0

2019-03-06-15-49-11-492	5715	0	1	688.0	331.0

2019-03-06-15-49-11-524	5716	0	0	1685.0	224.0

2019-03-06-15-49-11-640	5717	0	1	1685.0	224.0

2019-03-06-15-49-11-744	5718	0	0	703.0	327.0

2019-03-06-15-49-11-851	5719	0	1	703.0	327.0

2019-03-06-15-49-11-897	5720	0	0	1491.0	311.0

2019-03-06-15-49-11-999	5721	0	1	1491.0	311.0

2019-03-06-15-49-12-103	5722	0	0	816.0	314.0

2019-03-06-15-49-12-186	5723	0	1	816.0	314.0

2019-03-06-15-49-12-249	5724	0	0	1346.0	445.0

2019-03-06-15-49-12-369	5725	0	1	1346.0	445.0

2019-03-06-15-49-12-422	5726	0	0	856.0	221.0

2019-03-06-15-49-12-547	5727	0	1	856.0	221.0

2019-03-06-15-49-12-611	5728	0	0	1262.0	627.0

2019-03-06-15-49-12-678	5729	0	1	1262.0	627.0

2019-03-06-15-49-12-758	5730	0	0	633.0	254.0

2019-03-06-15-49-12-868	5731	0	1	633.0	254.0

2019-03-06-15-49-13-003	5732	0	0	1338.0	611.0

2019-03-06-15-49-13-114	5733	0	1	1338.0	611.0

2019-03-06-15-49-13-249	5734	0	0	537.0	447.0

2019-03-06-15-49-13-298	5735	0	1	537.0	447.0

2019-03-06-15-49-13-344	5736	0	0	1478.0	486.0

2019-03-06-15-49-13-464	5737	0	1	1478.0	486.0

2019-03-06-15-49-13-544	5738	0	0	687.0	536.0

2019-03-06-15-49-13-607	5739	0	1	687.0	536.0

2019-03-06-15-49-13-657	5740	0	0	1494.0	443.0

2019-03-06-15-49-13-756	5741	0	1	1494.0	443.0

2019-03-06-15-49-13-843	5742	0	0	837.0	624.0

2019-03-06-15-49-13-946	5743	0	1	837.0	624.0

2019-03-06-15-49-14-048	5744	0	0	1487.0	451.0

2019-03-06-15-49-14-113	5745	0	5	889.0	677.0

2019-03-06-15-49-14-143	5746	0	6	1487.0	451.0

2019-03-06-15-49-14-244	5747	0	1	889.0	677.0

2019-03-06-15-49-14-358	5748	0	0	1664.0	324.0

2019-03-06-15-49-14-452	5749	0	1	1664.0	324.0

2019-03-06-15-49-14-625	5750	0	0	553.0	576.0

2019-03-06-15-49-14-736	5751	0	1	553.0	576.0

2019-03-06-15-49-14-765	5752	0	0	1870.0	199.0

2019-03-06-15-49-14-867	5753	0	1	1870.0	199.0

2019-03-06-15-49-14-978	5754	0	0	235.0	349.0

2019-03-06-15-49-15-065	5755	0	1	235.0	349.0

2019-03-06-15-49-15-096	5756	0	0	1593.0	222.0

2019-03-06-15-49-15-143	5757	0	1	1593.0	222.0

2019-03-06-15-49-15-230	5758	0	0	649.0	317.0

2019-03-06-15-49-15-296	5759	0	1	649.0	317.0

2019-03-06-15-49-15-377	5760	0	0	1438.0	339.0

2019-03-06-15-49-15-445	5761	0	1	1438.0	339.0

2019-03-06-15-49-15-558	5762	0	0	761.0	502.0

2019-03-06-15-49-15-644	5763	0	1	761.0	502.0

2019-03-06-15-49-15-653	5764	0	0	1439.0	445.0

2019-03-06-15-49-15-681	5765	0	1	1439.0	445.0

