2019-03-06-14-49-10-114	1064	0	0	20.0	250.0

2019-03-06-14-49-10-265	1065	0	1	21.0	253.1003

2019-03-06-14-49-10-835	1066	0	0	18.0	143.0

2019-03-06-14-49-10-975	1067	0	1	18.0	143.0

2019-03-06-14-49-11-577	1068	0	0	1864.0	142.0

2019-03-06-14-49-11-733	1069	0	1	1864.0	146.0

2019-03-06-14-49-12-242	1070	0	0	168.0	184.0

2019-03-06-14-49-12-375	1071	0	1	168.0	184.0

2019-03-06-14-49-12-957	1072	0	0	245.0	215.0

2019-03-06-14-49-13-120	1073	0	1	239.97295	219.01804

2019-03-06-14-49-13-510	1074	0	0	345.0	228.0

2019-03-06-14-49-13-643	1075	0	1	345.0	228.0

2019-03-06-14-49-14-025	1076	0	0	1353.0	289.0

2019-03-06-14-49-14-178	1077	0	1	1353.0	294.15228

2019-03-06-14-49-14-755	1078	0	0	442.0	187.0

2019-03-06-14-49-14-910	1079	0	1	442.0	187.0

2019-03-06-14-49-15-045	1080	0	0	1282.0	246.0

2019-03-06-14-49-15-200	1081	0	1	1282.0	246.0

2019-03-06-14-49-15-405	1082	0	0	588.0	214.0

2019-03-06-14-49-15-505	1083	0	1	588.0	214.0

2019-03-06-14-49-15-644	1084	0	0	1197.0	269.0

2019-03-06-14-49-15-822	1085	0	1	1197.0	273.0

2019-03-06-14-49-16-090	1086	0	0	684.0	225.0

2019-03-06-14-49-16-198	1087	0	1	684.0	225.0

2019-03-06-14-49-16-533	1088	0	0	1181.0	256.0

2019-03-06-14-49-16-649	1089	0	1	1181.0	256.0

2019-03-06-14-49-17-000	1090	0	0	744.0	457.0

2019-03-06-14-49-17-093	1091	0	1	744.0	457.0

2019-03-06-14-49-17-489	1092	0	0	519.0	494.0

2019-03-06-14-49-17-578	1093	0	1	519.0	494.0

2019-03-06-14-49-17-824	1094	0	0	1501.0	520.0

2019-03-06-14-49-17-932	1095	0	1	1501.0	520.0

2019-03-06-14-49-18-154	1096	0	0	310.0	451.0

2019-03-06-14-49-18-311	1097	0	1	310.0	451.0

2019-03-06-14-49-18-842	1098	0	0	65.0	553.0

2019-03-06-14-49-18-918	1099	0	1	65.0	553.0

2019-03-06-14-49-19-517	1100	0	0	155.0	470.0

2019-03-06-14-49-19-623	1101	0	1	155.0	470.0

2019-03-06-14-49-19-888	1102	0	0	1507.0	526.0

2019-03-06-14-49-20-029	1103	0	1	1507.0	526.0

2019-03-06-14-49-20-443	1104	0	0	612.0	568.0

2019-03-06-14-49-20-514	1105	0	1	612.0	568.0

2019-03-06-14-49-20-558	1106	0	0	1355.0	577.0

2019-03-06-14-49-20-705	1107	0	1	1355.0	577.0

2019-03-06-14-49-20-909	1108	0	0	705.0	463.0

2019-03-06-14-49-21-001	1109	0	1	705.0	463.0

2019-03-06-14-49-21-343	1110	0	0	1225.0	525.0

2019-03-06-14-49-21-506	1111	0	1	1225.0	525.0

2019-03-06-14-49-21-910	1112	0	0	1095.0	503.0

2019-03-06-14-49-22-066	1113	0	1	1094.0	505.0

2019-03-06-14-49-22-477	1114	0	0	661.0	662.0

2019-03-06-14-49-22-539	1115	0	1	661.0	662.0

2019-03-06-14-49-22-935	1116	0	0	1144.0	740.0

2019-03-06-14-49-23-041	1117	0	1	1144.0	740.0

2019-03-06-14-49-23-333	1118	0	0	420.0	709.0

2019-03-06-14-49-23-443	1119	0	1	420.0	709.0

2019-03-06-14-49-23-489	1120	0	0	1349.0	715.0

2019-03-06-14-49-23-585	1121	0	1	1349.0	715.0

2019-03-06-14-49-23-911	1122	0	0	210.0	570.0

2019-03-06-14-49-24-044	1123	0	5	1542.0	589.0

2019-03-06-14-49-24-072	1124	0	6	210.0	570.0

2019-03-06-14-49-24-131	1125	0	1	1542.0	589.0

2019-03-06-14-49-24-398	1126	0	0	173.0	442.0

2019-03-06-14-49-24-534	1127	0	1	173.0	442.0

2019-03-06-14-49-24-622	1128	0	0	1474.0	442.0

2019-03-06-14-49-24-745	1129	0	1	1474.0	442.0

2019-03-06-14-49-24-932	1130	0	0	294.0	315.0

2019-03-06-14-49-24-998	1131	0	1	294.0	315.0

2019-03-06-14-49-25-198	1132	0	0	1360.0	317.0

2019-03-06-14-49-25-333	1133	0	1	1360.0	317.0

2019-03-06-14-49-26-002	1134	0	0	549.0	250.0

2019-03-06-14-49-26-222	1135	0	1	549.0	250.0

2019-03-06-14-49-26-646	1136	0	0	394.0	193.0

2019-03-06-14-49-26-823	1137	0	1	395.0	198.0

2019-03-06-14-49-27-135	1138	0	0	613.0	252.0

2019-03-06-14-49-27-310	1139	0	1	613.0	252.0

2019-03-06-14-49-27-778	1140	0	0	1902.0	259.0

2019-03-06-14-49-27-980	1141	0	1	1876.0	279.0

2019-03-06-14-49-28-512	1142	0	0	1809.0	223.0

2019-03-06-14-49-28-667	1143	0	1	1815.0	226.0

2019-03-06-14-49-29-134	1144	0	0	1611.0	216.0

2019-03-06-14-49-29-329	1145	0	1	1611.0	216.0

2019-03-06-14-49-29-755	1146	0	0	1482.0	221.0

2019-03-06-14-49-29-932	1147	0	1	1482.0	223.0

2019-03-06-14-49-30-402	1148	0	0	1364.0	259.0

2019-03-06-14-49-30-801	1149	0	1	1364.0	270.0

2019-03-06-14-49-31-423	1150	0	0	1286.0	485.0

2019-03-06-14-49-31-649	1151	0	1	1286.0	485.0

2019-03-06-14-49-31-979	1152	0	0	1172.0	454.0

2019-03-06-14-49-32-199	1153	0	1	1173.0	460.0

2019-03-06-14-49-32-489	1154	0	0	1223.0	684.0

2019-03-06-14-49-32-646	1155	0	1	1223.0	684.0

2019-03-06-14-49-33-045	1156	0	0	821.0	499.0

2019-03-06-14-49-33-244	1157	0	1	805.0	502.0

2019-03-06-14-49-33-692	1158	0	0	846.0	708.0

2019-03-06-14-49-33-922	1159	0	1	838.0	716.0

2019-03-06-14-49-34-248	1160	0	0	669.0	732.0

2019-03-06-14-49-34-396	1161	0	1	669.0	732.0

2019-03-06-14-49-34-667	1162	0	0	580.0	540.0

2019-03-06-14-49-34-802	1163	0	1	580.0	540.0

2019-03-06-14-49-35-177	1164	0	0	393.0	551.0

2019-03-06-14-49-35-400	1165	0	1	393.0	554.0

2019-03-06-14-49-35-712	1166	0	0	476.0	478.0

2019-03-06-14-49-35-957	1167	0	1	476.0	478.0

2019-03-06-14-49-36-297	1168	0	0	594.0	587.0

2019-03-06-14-49-36-556	1169	0	1	594.0	587.0

2019-03-06-14-49-36-777	1170	0	0	659.0	712.0

2019-03-06-14-49-37-024	1171	0	1	657.0	712.0

2019-03-06-14-49-37-319	1172	0	0	573.0	494.0

2019-03-06-14-49-37-779	1173	0	1	573.0	494.0

2019-03-06-14-49-38-022	1174	0	0	581.0	507.0

2019-03-06-14-49-39-356	1175	0	1	581.0	507.0

2019-03-06-14-49-39-663	1176	0	0	418.0	477.0

2019-03-06-14-49-40-134	1177	0	1	418.0	477.0

2019-03-06-14-49-40-312	1178	0	0	358.0	459.0

2019-03-06-14-49-40-468	1179	0	1	356.0	461.0

2019-03-06-14-49-40-646	1180	0	0	227.0	431.0

2019-03-06-14-49-40-788	1181	0	1	227.0	431.0

2019-03-06-14-49-40-875	1182	0	0	233.0	442.0

2019-03-06-14-49-41-019	1183	0	1	233.0	442.0

2019-03-06-14-49-41-109	1184	0	0	182.0	447.0

2019-03-06-14-49-41-221	1185	0	1	182.0	447.0

2019-03-06-14-49-41-312	1186	0	0	176.0	459.0

2019-03-06-14-49-41-422	1187	0	1	176.0	459.0

2019-03-06-14-49-41-488	1188	0	0	174.0	462.0

2019-03-06-14-49-41-534	1189	0	1	174.0	462.0

2019-03-06-14-49-41-779	1190	0	0	96.0	280.0

2019-03-06-14-49-41-889	1191	0	1	96.0	280.0

2019-03-06-14-49-42-020	1192	0	0	54.0	284.0

2019-03-06-14-49-42-109	1193	0	1	54.0	284.0

2019-03-06-14-49-42-198	1194	0	0	38.0	269.0

2019-03-06-14-49-42-308	1195	0	1	38.0	269.0

2019-03-06-14-49-42-398	1196	0	0	45.0	276.0

2019-03-06-14-49-42-485	1197	0	1	45.0	276.0

2019-03-06-14-49-42-554	1198	0	0	47.0	277.0

2019-03-06-14-49-42-620	1199	0	1	47.0	277.0

2019-03-06-14-49-42-731	1200	0	0	58.0	280.0

2019-03-06-14-49-42-776	1201	0	1	58.0	280.0

2019-03-06-14-49-42-955	1202	0	0	378.0	310.0

2019-03-06-14-49-43-002	1203	0	1	378.0	310.0

2019-03-06-14-49-43-241	1204	0	0	494.0	368.0

2019-03-06-14-49-43-337	1205	0	1	494.0	368.0

2019-03-06-14-49-43-482	1206	0	0	1416.0	591.0

2019-03-06-14-49-43-605	1207	0	1	1416.0	591.0

2019-03-06-14-49-43-732	1208	0	0	654.0	515.0

2019-03-06-14-49-43-798	1209	0	1	654.0	515.0

2019-03-06-14-49-44-023	1210	0	0	1297.0	538.0

2019-03-06-14-49-44-200	1211	0	1	1297.0	538.0

2019-03-06-14-49-44-262	1212	0	0	694.0	510.0

2019-03-06-14-49-44-416	1213	0	1	694.0	510.0

2019-03-06-14-49-49-604	1214	0	0	1092.0	498.0

2019-03-06-14-49-49-824	1215	0	1	1077.9202	491.0

2019-03-06-14-49-49-980	1216	0	0	633.0	696.0

2019-03-06-14-49-50-162	1217	0	1	630.0	697.0

2019-03-06-14-49-50-224	1218	0	0	1079.0	601.0

2019-03-06-14-49-50-422	1219	0	1	1079.0	613.3011

2019-03-06-14-49-50-469	1220	0	0	551.0	480.0

2019-03-06-14-49-50-601	1221	0	1	551.0	480.0

2019-03-06-14-49-50-627	1222	0	0	1086.0	670.0

2019-03-06-14-49-50-776	1223	0	1	1086.0	670.0

2019-03-06-14-49-51-845	1224	0	0	595.0	511.0

2019-03-06-14-49-52-046	1225	0	1	595.0	511.0

2019-03-06-14-49-52-090	1226	0	0	1051.0	656.0

2019-03-06-14-49-52-224	1227	0	1	1051.0	656.0

2019-03-06-14-49-52-289	1228	0	0	601.0	514.0

2019-03-06-14-49-52-433	1229	0	1	601.0	514.0

2019-03-06-14-49-52-442	1230	0	0	1036.0	652.0

2019-03-06-14-49-52-576	1231	0	1	1036.0	660.0

2019-03-06-14-49-52-665	1232	0	0	571.0	522.0

2019-03-06-14-49-52-822	1233	0	1	571.0	522.0

2019-03-06-14-49-52-848	1234	0	0	1142.0	433.0

2019-03-06-14-49-52-976	1235	0	1	1142.0	433.0

2019-03-06-14-49-53-001	1236	0	0	581.0	609.0

2019-03-06-14-49-53-134	1237	0	1	581.0	609.0

2019-03-06-14-49-53-159	1238	0	0	1228.0	383.0

2019-03-06-14-49-53-288	1239	0	1	1228.0	383.0

2019-03-06-14-49-53-378	1240	0	0	424.0	564.0

2019-03-06-14-49-53-531	1241	0	1	399.0	561.0

2019-03-06-14-49-53-558	1242	0	0	1596.0	383.0

2019-03-06-14-49-53-654	1243	0	1	1596.0	383.0

2019-03-06-14-49-53-798	1244	0	0	207.0	481.0

2019-03-06-14-49-53-954	1245	0	1	201.0	484.0

2019-03-06-14-49-53-963	1246	0	0	1634.0	488.0

2019-03-06-14-49-54-107	1247	0	1	1625.977	498.06876

2019-03-06-14-49-54-843	1248	0	0	123.0	572.0

2019-03-06-14-49-54-954	1249	0	1	123.0	572.0

2019-03-06-14-49-55-243	1250	0	0	1737.0	663.0

2019-03-06-14-49-55-335	1251	0	1	1737.0	663.0

2019-03-06-14-49-55-834	1252	0	0	98.0	538.0

2019-03-06-14-49-55-894	1253	0	1	98.0	538.0

2019-03-06-14-49-56-007	1254	0	0	1737.0	494.0

2019-03-06-14-49-56-109	1255	0	1	1737.0	494.0

2019-03-06-14-49-56-268	1256	0	0	191.0	510.0

2019-03-06-14-49-56-353	1257	0	1	191.0	510.0

2019-03-06-14-49-56-489	1258	0	0	1722.0	410.0

2019-03-06-14-49-56-556	1259	0	1	1722.0	410.0

2019-03-06-14-49-56-690	1260	0	0	60.0	361.0

2019-03-06-14-49-56-826	1261	0	1	60.0	361.0

2019-03-06-14-49-56-910	1262	0	0	1817.0	239.0

2019-03-06-14-49-57-012	1263	0	1	1817.0	239.0

2019-03-06-14-49-57-175	1264	0	0	254.0	342.0

2019-03-06-14-49-57-288	1265	0	1	262.0	347.0

2019-03-06-14-49-57-336	1266	0	0	1479.0	309.0

2019-03-06-14-49-57-382	1267	0	1	1479.0	309.0

2019-03-06-14-49-57-620	1268	0	0	487.0	466.0

2019-03-06-14-49-57-712	1269	0	1	487.0	466.0

2019-03-06-14-49-57-799	1270	0	0	1296.0	476.0

2019-03-06-14-49-57-933	1271	0	1	1296.0	476.0

2019-03-06-14-49-58-213	1272	0	0	628.0	496.0

2019-03-06-14-49-58-316	1273	0	1	628.0	496.0

2019-03-06-14-49-58-488	1274	0	0	1214.0	516.0

2019-03-06-14-49-58-621	1275	0	1	1214.0	516.0

2019-03-06-14-49-59-023	1276	0	0	1180.0	727.0

2019-03-06-14-49-59-133	1277	0	1	1180.0	727.0

2019-03-06-14-49-59-463	1278	0	0	1188.0	625.0

2019-03-06-14-49-59-577	1279	0	1	1188.0	625.0

2019-03-06-14-49-59-822	1280	0	0	667.0	712.0

2019-03-06-14-49-59-955	1281	0	1	667.0	712.0

2019-03-06-14-50-00-165	1282	0	0	466.0	776.0

2019-03-06-14-50-00-246	1283	0	1	466.0	776.0

2019-03-06-14-50-00-292	1284	0	0	1346.0	568.0

2019-03-06-14-50-00-420	1285	0	1	1346.0	568.0

2019-03-06-14-50-00-510	1286	0	0	279.0	603.0

2019-03-06-14-50-00-643	1287	0	1	263.0	602.0

2019-03-06-14-50-00-733	1288	0	0	1550.0	456.0

2019-03-06-14-50-00-893	1289	0	1	1550.0	456.0

2019-03-06-14-50-01-020	1290	0	0	177.0	498.0

2019-03-06-14-50-01-200	1291	0	1	174.0	504.0

2019-03-06-14-50-01-228	1292	0	0	1584.0	431.0

2019-03-06-14-50-01-374	1293	0	1	1584.0	431.0

2019-03-06-14-50-01-465	1294	0	0	187.0	432.0

2019-03-06-14-50-01-599	1295	0	1	187.0	432.0

2019-03-06-14-50-01-669	1296	0	0	1664.0	334.0

2019-03-06-14-50-01-817	1297	0	1	1664.0	334.0

2019-03-06-14-50-01-915	1298	0	0	128.0	321.0

2019-03-06-14-50-02-091	1299	0	1	121.0	323.0

2019-03-06-14-50-02-101	1300	0	0	1865.0	244.0

2019-03-06-14-50-02-182	1301	0	1	1856.0	248.0

2019-03-06-14-50-02-342	1302	0	0	319.0	333.0

2019-03-06-14-50-02-442	1303	0	5	1465.0	281.0

2019-03-06-14-50-02-472	1304	0	6	319.0	333.0

2019-03-06-14-50-02-591	1305	0	1	1464.0	294.0

2019-03-06-14-50-02-702	1306	0	0	475.0	383.0

2019-03-06-14-50-02-820	1307	0	1	475.0	383.0

2019-03-06-14-50-02-883	1308	0	0	1349.0	358.0

2019-03-06-14-50-03-110	1309	0	1	1349.0	358.0

2019-03-06-14-50-03-119	1310	0	0	550.0	427.0

2019-03-06-14-50-03-218	1311	0	1	550.0	427.0

2019-03-06-14-50-04-980	1312	0	0	1297.0	440.0

2019-03-06-14-50-05-170	1313	0	1	1297.0	442.0

2019-03-06-14-50-05-334	1314	0	0	556.0	454.0

2019-03-06-14-50-05-417	1315	0	1	556.0	454.0

2019-03-06-14-50-05-466	1316	0	0	1271.0	496.0

2019-03-06-14-50-05-598	1317	0	1	1271.0	496.0

2019-03-06-14-50-05-646	1318	0	0	586.0	470.0

2019-03-06-14-50-05-799	1319	0	1	586.0	470.0

2019-03-06-14-50-05-825	1320	0	0	1202.0	555.0

2019-03-06-14-50-05-954	1321	0	1	1202.0	555.0

2019-03-06-14-50-06-000	1322	0	0	621.0	469.0

2019-03-06-14-50-06-156	1323	0	1	621.0	469.0

2019-03-06-14-50-06-182	1324	0	0	1179.0	585.0

2019-03-06-14-50-06-332	1325	0	1	1179.0	585.0

2019-03-06-14-50-06-395	1326	0	0	557.0	439.0

2019-03-06-14-50-06-531	1327	0	1	557.0	439.0

2019-03-06-14-50-06-559	1328	0	0	1199.0	581.0

2019-03-06-14-50-06-692	1329	0	1	1199.0	581.0

2019-03-06-14-50-06-776	1330	0	0	378.0	404.0

2019-03-06-14-50-06-910	1331	0	1	371.0	406.0

2019-03-06-14-50-06-919	1332	0	0	1387.0	489.0

2019-03-06-14-50-07-038	1333	0	1	1388.0	490.0

2019-03-06-14-50-07-108	1334	0	0	283.0	386.0

2019-03-06-14-50-07-244	1335	0	1	264.32324	395.74524

2019-03-06-14-50-07-271	1336	0	0	1514.0	432.0

2019-03-06-14-50-07-405	1337	0	1	1514.0	432.0

2019-03-06-14-50-07-502	1338	0	0	93.0	315.0

2019-03-06-14-50-07-665	1339	0	1	91.0	317.0

2019-03-06-14-50-07-731	1340	0	0	1919.0	249.0

2019-03-06-14-50-07-845	1341	0	1	1919.0	249.0

2019-03-06-14-50-07-955	1342	0	0	334.0	334.0

2019-03-06-14-50-08-094	1343	0	1	334.0	334.0

2019-03-06-14-50-08-103	1344	0	0	1566.0	305.0

2019-03-06-14-50-08-220	1345	0	1	1565.0	307.0

2019-03-06-14-50-08-356	1346	0	0	480.0	379.0

2019-03-06-14-50-08-461	1347	0	1	480.0	379.0

2019-03-06-14-50-08-488	1348	0	0	1348.0	435.0

2019-03-06-14-50-08-619	1349	0	1	1348.0	435.0

2019-03-06-14-50-08-665	1350	0	0	564.0	464.0

2019-03-06-14-50-08-821	1351	0	1	564.0	464.0

2019-03-06-14-50-08-846	1352	0	0	1249.0	521.0

2019-03-06-14-50-08-974	1353	0	1	1249.0	521.0

2019-03-06-14-50-09-041	1354	0	0	664.0	462.0

2019-03-06-14-50-09-206	1355	0	1	664.0	462.0

2019-03-06-14-50-09-232	1356	0	0	1186.0	593.0

2019-03-06-14-50-09-347	1357	0	1	1186.0	593.0

2019-03-06-14-50-09-416	1358	0	0	566.0	333.0

2019-03-06-14-50-09-557	1359	0	1	566.0	333.0

2019-03-06-14-50-09-566	1360	0	0	1202.0	677.0

2019-03-06-14-50-09-700	1361	0	1	1202.0	677.0

2019-03-06-14-50-09-780	1362	0	0	379.0	286.0

2019-03-06-14-50-09-909	1363	0	1	379.0	286.0

2019-03-06-14-50-09-936	1364	0	0	1436.0	554.0

2019-03-06-14-50-10-061	1365	0	1	1436.0	554.0

2019-03-06-14-50-10-199	1366	0	0	319.0	374.0

2019-03-06-14-50-10-330	1367	0	5	1595.0	416.0

2019-03-06-14-50-10-339	1368	0	6	319.0	374.0

2019-03-06-14-50-10-461	1369	0	1	1595.0	416.0

2019-03-06-14-50-10-506	1370	0	0	363.0	453.0

2019-03-06-14-50-10-642	1371	0	1	363.0	453.0

2019-03-06-14-50-10-720	1372	0	0	1790.0	296.0

2019-03-06-14-50-10-873	1373	0	1	1790.0	296.0

2019-03-06-14-50-10-933	1374	0	0	505.0	554.0

2019-03-06-14-50-11-044	1375	0	1	505.0	554.0

2019-03-06-14-50-11-071	1376	0	0	1511.0	291.0

2019-03-06-14-50-11-195	1377	0	1	1511.0	291.0

2019-03-06-14-50-11-263	1378	0	0	555.0	452.0

2019-03-06-14-50-11-377	1379	0	5	1299.0	425.0

2019-03-06-14-50-11-423	1380	0	6	555.0	452.0

2019-03-06-14-50-11-530	1381	0	1	1296.0	439.0

2019-03-06-14-50-11-666	1382	0	0	633.0	370.0

2019-03-06-14-50-11-777	1383	0	5	1197.0	571.0

2019-03-06-14-50-11-802	1384	0	6	633.0	370.0

2019-03-06-14-50-11-934	1385	0	1	1197.0	573.0

2019-03-06-14-50-12-018	1386	0	0	547.0	296.0

2019-03-06-14-50-12-204	1387	0	1	539.0	299.0

2019-03-06-14-50-12-213	1388	0	0	1209.0	677.0

2019-03-06-14-50-12-328	1389	0	1	1209.0	678.0

2019-03-06-14-50-12-465	1390	0	0	384.0	302.0

2019-03-06-14-50-12-620	1391	0	5	1293.0	672.0

2019-03-06-14-50-12-667	1392	0	6	368.0	315.0

2019-03-06-14-50-12-822	1393	0	1	1293.0	672.0

2019-03-06-14-50-13-165	1394	0	0	541.0	415.0

2019-03-06-14-50-13-319	1395	0	1	562.0	431.0

2019-03-06-14-50-14-603	1396	0	0	674.0	497.0

2019-03-06-14-50-14-629	1397	0	5	1211.0	515.0

2019-03-06-14-50-14-730	1398	0	6	673.0	498.0

2019-03-06-14-50-14-912	1399	0	1	1211.0	518.0

2019-03-06-14-50-15-000	1400	0	0	566.0	527.0

2019-03-06-14-50-15-112	1401	0	1	566.0	527.0

2019-03-06-14-50-15-179	1402	0	0	1216.0	600.0

2019-03-06-14-50-15-282	1403	0	1	1216.0	600.0

2019-03-06-14-50-15-326	1404	0	0	386.0	434.0

2019-03-06-14-50-15-439	1405	0	1	386.0	434.0

2019-03-06-14-50-15-522	1406	0	0	1542.0	500.0

2019-03-06-14-50-15-644	1407	0	1	1542.0	500.0

2019-03-06-14-50-15-731	1408	0	0	226.0	411.0

2019-03-06-14-50-15-828	1409	0	1	226.0	411.0

2019-03-06-14-50-15-952	1410	0	0	1714.0	414.0

2019-03-06-14-50-16-041	1411	0	1	1714.0	414.0

2019-03-06-14-50-16-111	1412	0	0	48.0	302.0

2019-03-06-14-50-16-244	1413	0	1	48.0	302.0

2019-03-06-14-50-16-330	1414	0	0	1590.0	280.0

2019-03-06-14-50-16-399	1415	0	1	1590.0	280.0

2019-03-06-14-50-16-550	1416	0	0	479.0	300.0

2019-03-06-14-50-16-683	1417	0	1	479.0	300.0

2019-03-06-14-50-16-731	1418	0	0	1301.0	291.0

2019-03-06-14-50-16-865	1419	0	1	1301.0	291.0

2019-03-06-14-50-16-976	1420	0	0	635.0	254.0

2019-03-06-14-50-17-155	1421	0	1	627.0	252.0

2019-03-06-14-50-17-222	1422	0	0	1127.0	279.0

2019-03-06-14-50-17-423	1423	0	1	1127.0	279.0

2019-03-06-14-50-17-670	1424	0	0	1128.0	180.0

2019-03-06-14-50-17-719	1425	0	5	657.0	192.0

2019-03-06-14-50-17-763	1426	0	6	657.0	192.0

2019-03-06-14-50-17-843	1427	0	1	1129.0	186.0

2019-03-06-14-50-17-870	1428	0	0	675.0	222.0

2019-03-06-14-50-17-971	1429	0	1	675.0	222.0

2019-03-06-14-50-18-132	1430	0	0	1427.0	239.0

2019-03-06-14-50-18-244	1431	0	1	1427.0	239.0

2019-03-06-14-50-18-332	1432	0	0	355.0	294.0

2019-03-06-14-50-18-469	1433	0	1	355.0	294.0

2019-03-06-14-50-18-514	1434	0	0	1753.0	289.0

2019-03-06-14-50-18-622	1435	0	1	1753.0	289.0

2019-03-06-14-50-18-754	1436	0	0	328.0	471.0

2019-03-06-14-50-18-818	1437	0	1	328.0	471.0

2019-03-06-14-50-18-904	1438	0	0	1427.0	503.0

2019-03-06-14-50-18-970	1439	0	1	1427.0	503.0

2019-03-06-14-50-19-140	1440	0	0	581.0	592.0

2019-03-06-14-50-19-222	1441	0	1	581.0	592.0

2019-03-06-14-50-19-323	1442	0	0	1219.0	692.0

2019-03-06-14-50-19-456	1443	0	1	1219.0	692.0

2019-03-06-14-50-19-517	1444	0	0	711.0	628.0

2019-03-06-14-50-19-641	1445	0	1	711.0	628.0

2019-03-06-14-50-19-753	1446	0	0	1460.0	610.0

2019-03-06-14-50-19-818	1447	0	1	1460.0	610.0

2019-03-06-14-50-20-058	1448	0	0	305.0	633.0

2019-03-06-14-50-20-136	1449	0	1	305.0	633.0

2019-03-06-14-50-20-261	1450	0	0	1570.0	661.0

2019-03-06-14-50-20-330	1451	0	1	1570.0	661.0

2019-03-06-14-50-20-536	1452	0	0	455.0	604.0

2019-03-06-14-50-20-599	1453	0	1	455.0	604.0

2019-03-06-14-50-20-647	1454	0	0	1425.0	545.0

2019-03-06-14-50-20-713	1455	0	1	1425.0	545.0

2019-03-06-14-50-21-257	1456	0	0	636.0	483.0

2019-03-06-14-50-21-355	1457	0	1	636.0	483.0

2019-03-06-14-50-21-382	1458	0	0	1238.0	517.0

2019-03-06-14-50-21-481	1459	0	1	1238.0	517.0

2019-03-06-14-50-21-668	1460	0	0	638.0	505.0

2019-03-06-14-50-21-713	1461	0	1	638.0	505.0

2019-03-06-14-50-21-775	1462	0	0	1098.0	526.0

2019-03-06-14-50-21-908	1463	0	1	1098.0	526.0

2019-03-06-14-50-21-977	1464	0	0	385.0	503.0

2019-03-06-14-50-22-071	1465	0	1	385.0	503.0

2019-03-06-14-50-22-134	1466	0	0	1433.0	521.0

2019-03-06-14-50-22-231	1467	0	1	1433.0	521.0

2019-03-06-14-50-22-328	1468	0	0	228.0	488.0

2019-03-06-14-50-22-441	1469	0	1	228.0	488.0

2019-03-06-14-50-22-470	1470	0	0	1667.0	506.0

2019-03-06-14-50-22-594	1471	0	1	1667.0	506.0

2019-03-06-14-50-22-738	1472	0	0	68.0	336.0

2019-03-06-14-50-22-822	1473	0	1	68.0	336.0

2019-03-06-14-50-22-975	1474	0	0	1778.0	232.0

2019-03-06-14-50-23-087	1475	0	1	1778.0	232.0

2019-03-06-14-50-23-199	1476	0	0	274.0	315.0

2019-03-06-14-50-23-266	1477	0	1	274.0	315.0

2019-03-06-14-50-23-312	1478	0	0	1427.0	320.0

2019-03-06-14-50-23-423	1479	0	1	1427.0	320.0

2019-03-06-14-50-23-800	1480	0	0	507.0	406.0

2019-03-06-14-50-23-865	1481	0	1	507.0	406.0

2019-03-06-14-50-23-953	1482	0	0	1295.0	527.0

2019-03-06-14-50-24-066	1483	0	1	1295.0	527.0

2019-03-06-14-50-24-176	1484	0	0	590.0	471.0

2019-03-06-14-50-24-268	1485	0	1	590.0	471.0

2019-03-06-14-50-24-377	1486	0	0	1173.0	530.0

2019-03-06-14-50-24-477	1487	0	1	1173.0	530.0

2019-03-06-14-50-24-596	1488	0	0	559.0	472.0

2019-03-06-14-50-24-709	1489	0	1	559.0	472.0

2019-03-06-14-50-24-867	1490	0	0	1354.0	598.0

2019-03-06-14-50-24-999	1491	0	1	1354.0	598.0

2019-03-06-14-50-25-452	1492	0	0	1419.0	605.0

2019-03-06-14-50-25-480	1493	0	5	478.0	529.0

2019-03-06-14-50-25-508	1494	0	6	1419.0	605.0

2019-03-06-14-50-25-537	1495	0	1	478.0	531.0

2019-03-06-14-50-25-776	1496	0	0	580.0	641.0

2019-03-06-14-50-25-889	1497	0	1	580.0	641.0

2019-03-06-14-50-25-955	1498	0	0	1345.0	695.0

2019-03-06-14-50-26-043	1499	0	1	1345.0	695.0

2019-03-06-14-50-26-109	1500	0	0	672.0	665.0

2019-03-06-14-50-26-199	1501	0	1	672.0	665.0

2019-03-06-14-50-26-289	1502	0	0	1278.0	755.0

2019-03-06-14-50-26-377	1503	0	1	1278.0	755.0

2019-03-06-14-50-26-601	1504	0	0	610.0	578.0

2019-03-06-14-50-26-683	1505	0	1	610.0	578.0

2019-03-06-14-50-26-729	1506	0	0	1356.0	574.0

2019-03-06-14-50-26-846	1507	0	1	1356.0	574.0

2019-03-06-14-50-26-937	1508	0	0	442.0	508.0

2019-03-06-14-50-27-000	1509	0	1	442.0	508.0

2019-03-06-14-50-27-045	1510	0	0	1497.0	522.0

2019-03-06-14-50-27-146	1511	0	1	1497.0	522.0

2019-03-06-14-50-27-315	1512	0	0	187.0	429.0

2019-03-06-14-50-27-398	1513	0	1	187.0	429.0

2019-03-06-14-50-27-445	1514	0	0	1545.0	517.0

2019-03-06-14-50-27-530	1515	0	1	1545.0	517.0

2019-03-06-14-50-27-666	1516	0	0	187.0	388.0

2019-03-06-14-50-27-752	1517	0	1	187.0	388.0

2019-03-06-14-50-27-812	1518	0	0	1675.0	458.0

2019-03-06-14-50-27-928	1519	0	1	1675.0	458.0

2019-03-06-14-50-28-062	1520	0	0	31.0	243.0

2019-03-06-14-50-28-176	1521	0	1	31.0	243.0

2019-03-06-14-50-28-264	1522	0	0	1918.0	174.0

2019-03-06-14-50-28-399	1523	0	1	1918.0	174.0

2019-03-06-14-50-28-494	1524	0	0	381.0	277.0

2019-03-06-14-50-28-597	1525	0	1	381.0	277.0

2019-03-06-14-50-28-643	1526	0	0	1505.0	253.0

2019-03-06-14-50-28-753	1527	0	1	1505.0	253.0

2019-03-06-14-50-28-846	1528	0	0	552.0	317.0

2019-03-06-14-50-28-947	1529	0	1	552.0	317.0

2019-03-06-14-50-29-010	1530	0	0	1305.0	333.0

2019-03-06-14-50-29-107	1531	0	1	1305.0	333.0

2019-03-06-14-50-29-266	1532	0	0	610.0	448.0

2019-03-06-14-50-29-383	1533	0	1	610.0	448.0

2019-03-06-14-50-29-445	1534	0	0	1269.0	519.0

2019-03-06-14-50-29-575	1535	0	1	1269.0	519.0

2019-03-06-14-50-29-846	1536	0	0	696.0	476.0

2019-03-06-14-50-29-979	1537	0	1	696.0	476.0

2019-03-06-14-50-30-193	1538	0	0	1150.0	546.0

2019-03-06-14-50-30-309	1539	0	1	1150.0	546.0

2019-03-06-14-50-30-466	1540	0	0	522.0	513.0

2019-03-06-14-50-30-532	1541	0	1	522.0	513.0

2019-03-06-14-50-30-644	1542	0	0	1260.0	679.0

2019-03-06-14-50-30-735	1543	0	1	1260.0	679.0

2019-03-06-14-50-30-893	1544	0	0	616.0	672.0

2019-03-06-14-50-31-024	1545	0	1	616.0	672.0

2019-03-06-14-50-31-297	1546	0	0	1130.0	734.0

2019-03-06-14-50-31-491	1547	0	1	1130.0	734.0

2019-03-06-14-50-31-713	1548	0	0	717.0	724.0

2019-03-06-14-50-31-779	1549	0	1	717.0	724.0

2019-03-06-14-50-31-981	1550	0	0	1316.0	702.0

2019-03-06-14-50-32-068	1551	0	1	1316.0	702.0

2019-03-06-14-50-32-179	1552	0	0	576.0	762.0

2019-03-06-14-50-32-314	1553	0	1	576.0	762.0

2019-03-06-14-50-32-442	1554	0	0	1385.0	697.0

2019-03-06-14-50-32-540	1555	0	1	1385.0	697.0

2019-03-06-14-50-32-623	1556	0	0	460.0	774.0

2019-03-06-14-50-32-734	1557	0	1	460.0	774.0

2019-03-06-14-50-32-821	1558	0	0	1415.0	541.0

2019-03-06-14-50-32-956	1559	0	1	1415.0	541.0

2019-03-06-14-50-33-001	1560	0	0	359.0	762.0

2019-03-06-14-50-33-112	1561	0	1	359.0	762.0

2019-03-06-14-50-33-178	1562	0	0	1469.0	545.0

2019-03-06-14-50-33-312	1563	0	1	1469.0	545.0

2019-03-06-14-50-33-340	1564	0	0	294.0	582.0

2019-03-06-14-50-33-463	1565	0	1	294.0	582.0

2019-03-06-14-50-33-689	1566	0	0	125.0	556.0

2019-03-06-14-50-33-805	1567	0	1	125.0	556.0

2019-03-06-14-50-33-935	1568	0	0	1703.0	574.0

2019-03-06-14-50-34-089	1569	0	1	1703.0	574.0

2019-03-06-14-50-34-244	1570	0	0	57.0	381.0

2019-03-06-14-50-34-357	1571	0	1	57.0	381.0

2019-03-06-14-50-34-513	1572	0	0	1740.0	398.0

2019-03-06-14-50-34-646	1573	0	1	1740.0	398.0

2019-03-06-14-50-34-693	1574	0	0	306.0	340.0

2019-03-06-14-50-34-843	1575	0	1	306.0	340.0

2019-03-06-14-50-34-922	1576	0	0	1537.0	324.0

2019-03-06-14-50-35-108	1577	0	1	1537.0	324.0

2019-03-06-14-50-35-199	1578	0	0	453.0	338.0

2019-03-06-14-50-35-356	1579	0	1	453.0	338.0

2019-03-06-14-50-35-400	1580	0	0	1361.0	340.0

2019-03-06-14-50-35-554	1581	0	1	1359.9624	342.07523

2019-03-06-14-50-35-668	1582	0	0	576.0	318.0

2019-03-06-14-50-35-825	1583	0	1	571.0	318.0

2019-03-06-14-50-35-935	1584	0	0	1240.0	338.0

2019-03-06-14-50-36-050	1585	0	1	1240.0	338.0

2019-03-06-14-50-36-200	1586	0	0	712.0	318.0

2019-03-06-14-50-36-356	1587	0	1	712.0	318.0

2019-03-06-14-50-36-535	1588	0	0	1259.0	602.0

2019-03-06-14-50-36-713	1589	0	1	1259.0	602.0

2019-03-06-14-50-36-980	1590	0	0	593.0	515.0

2019-03-06-14-50-37-141	1591	0	1	593.0	515.0

2019-03-06-14-50-37-276	1592	0	0	1445.0	593.0

2019-03-06-14-50-37-451	1593	0	1	1445.0	593.0

2019-03-06-14-50-37-496	1594	0	0	486.0	550.0

2019-03-06-14-50-37-674	1595	0	1	484.89914	551.1008

2019-03-06-14-50-37-719	1596	0	0	1555.0	596.0

2019-03-06-14-50-38-068	1597	0	1	1554.0	608.0

2019-03-06-14-50-38-600	1598	0	0	1477.0	598.0

2019-03-06-14-50-38-868	1599	0	1	1477.0	607.0

2019-03-06-14-50-39-292	1600	0	0	1390.0	611.0

2019-03-06-14-50-39-650	1601	0	1	1390.0	611.0

2019-03-06-14-50-40-024	1602	0	0	1437.0	608.0

2019-03-06-14-50-40-559	1603	0	1	1437.0	608.0

2019-03-06-14-50-40-913	1604	0	0	722.0	501.0

2019-03-06-14-50-41-251	1605	0	1	720.99286	502.00717

2019-03-06-14-50-41-516	1606	0	0	546.0	478.0

2019-03-06-14-50-41-876	1607	0	1	546.0	478.0

2019-03-06-14-50-42-113	1608	0	0	340.0	473.0

2019-03-06-14-50-42-456	1609	0	1	340.0	475.0

2019-03-06-14-50-42-669	1610	0	0	498.0	443.0

2019-03-06-14-50-43-019	1611	0	1	495.86172	445.13828

2019-03-06-14-50-43-177	1612	0	0	1343.0	598.0

2019-03-06-14-50-43-402	1613	0	1	1344.0	598.0

2019-03-06-14-50-43-647	1614	0	0	677.0	478.0

2019-03-06-14-50-43-824	1615	0	1	677.0	478.0

2019-03-06-14-50-43-872	1616	0	0	1274.0	593.0

2019-03-06-14-50-44-402	1617	0	1	1305.0	613.0

2019-03-06-14-50-44-602	1618	0	0	1330.0	610.0

2019-03-06-14-50-44-630	1619	0	5	619.0	533.0

2019-03-06-14-50-44-959	1620	0	6	619.0	533.0

2019-03-06-14-50-45-397	1621	0	1	1324.0132	618.01324

2019-03-06-14-50-45-444	1622	0	0	597.0	487.0

2019-03-06-14-50-45-623	1623	0	5	1300.0	564.0

2019-03-06-14-50-45-649	1624	0	6	597.0	485.0

2019-03-06-14-50-45-845	1625	0	5	649.0	445.0

2019-03-06-14-50-45-913	1626	0	6	1284.0	559.0

2019-03-06-14-50-45-961	1627	0	1	649.0	445.0

2019-03-06-14-50-46-111	1628	0	0	1385.0	540.0

2019-03-06-14-50-46-270	1629	0	1	1385.0	540.0

2019-03-06-14-50-46-296	1630	0	0	530.0	470.0

2019-03-06-14-50-46-382	1631	0	1	530.0	470.0

2019-03-06-14-50-46-461	1632	0	0	1455.0	525.0

2019-03-06-14-50-46-628	1633	0	1	1455.0	525.0

2019-03-06-14-50-46-654	1634	0	0	440.0	431.0

2019-03-06-14-50-46-790	1635	0	1	440.0	431.0

2019-03-06-14-50-46-834	1636	0	0	1603.0	479.0

2019-03-06-14-50-47-025	1637	0	1	1604.1133	493.1133

2019-03-06-14-50-47-088	1638	0	0	315.0	386.0

2019-03-06-14-50-47-359	1639	0	1	285.0	393.0

2019-03-06-14-50-47-423	1640	0	0	1762.0	438.0

2019-03-06-14-50-47-605	1641	0	1	1759.0	447.0

