2019-03-06-14-44-41-993	704	0	0	366.0	571.0

2019-03-06-14-44-42-744	705	0	1	362.94772	574.05225

2019-03-06-14-44-43-258	706	0	0	396.0	468.0

2019-03-06-14-44-43-435	707	0	1	396.0	468.0

2019-03-06-14-44-44-947	708	0	0	352.0	557.0

2019-03-06-14-44-45-166	709	0	1	350.0	564.0

2019-03-06-14-44-45-524	710	0	0	438.0	470.0

2019-03-06-14-44-45-769	711	0	1	435.0	472.0

2019-03-06-14-44-46-057	712	0	0	254.0	365.0

2019-03-06-14-44-46-239	713	0	1	251.0	368.0

2019-03-06-14-44-46-815	714	0	0	364.0	416.0

2019-03-06-14-44-47-099	715	0	1	362.0	418.0

2019-03-06-14-44-47-324	716	0	0	478.0	440.0

2019-03-06-14-44-47-655	717	0	1	477.0	441.0

2019-03-06-14-44-48-120	718	0	0	113.0	227.0

2019-03-06-14-44-48-365	719	0	1	97.0	258.0

2019-03-06-14-44-49-123	720	0	0	402.0	466.0

2019-03-06-14-44-49-282	721	0	1	399.0	473.0

2019-03-06-14-44-49-813	722	0	0	93.0	579.0

2019-03-06-14-44-50-040	723	0	1	87.0	585.0

2019-03-06-14-44-50-657	724	0	0	1100.0	730.0

2019-03-06-14-44-50-810	725	0	1	1100.0	730.0

2019-03-06-14-44-51-170	726	0	0	322.0	490.0

2019-03-06-14-44-51-277	727	0	1	322.0	490.0

2019-03-06-14-44-51-413	728	0	0	1257.0	571.0

2019-03-06-14-44-51-554	729	0	1	1257.0	571.0

2019-03-06-14-44-51-789	730	0	0	508.0	553.0

2019-03-06-14-44-51-900	731	0	1	508.0	553.0

2019-03-06-14-44-51-968	732	0	0	1162.0	509.0

2019-03-06-14-44-52-124	733	0	1	1162.0	509.0

2019-03-06-14-44-52-280	734	0	0	533.0	660.0

2019-03-06-14-44-52-435	735	0	1	533.0	660.0

2019-03-06-14-44-52-461	736	0	0	1216.0	317.0

2019-03-06-14-44-52-591	737	0	1	1216.0	317.0

2019-03-06-14-44-52-875	738	0	0	294.0	694.0

2019-03-06-14-44-53-011	739	0	5	1543.0	327.0

2019-03-06-14-44-53-043	740	0	6	294.0	694.0

2019-03-06-14-44-53-124	741	0	1	1537.0	339.0

2019-03-06-14-44-53-479	742	0	0	299.0	348.0

2019-03-06-14-44-53-589	743	0	1	299.0	348.0

2019-03-06-14-44-53-846	744	0	0	1213.0	369.0

2019-03-06-14-44-53-981	745	0	1	1213.0	369.0

2019-03-06-14-44-54-703	746	0	0	1213.0	363.0

2019-03-06-14-44-54-878	747	0	1	1215.0	366.0

2019-03-06-14-44-55-210	748	0	0	1215.0	366.0

2019-03-06-14-44-55-411	749	0	1	1217.0	370.0

2019-03-06-14-44-57-813	750	0	0	250.0	284.0

2019-03-06-14-44-58-589	751	0	1	250.0	284.0

2019-03-06-14-44-59-967	752	0	0	125.0	595.0

2019-03-06-14-45-00-149	753	0	1	125.0	595.0

2019-03-06-14-45-00-500	754	0	0	149.0	327.0

2019-03-06-14-45-00-703	755	0	1	149.0	327.0

2019-03-06-14-45-01-012	756	0	0	279.0	333.0

2019-03-06-14-45-01-190	757	0	1	279.0	333.0

2019-03-06-14-45-01-568	758	0	0	269.0	294.0

2019-03-06-14-45-01-724	759	0	1	269.0	295.0

2019-03-06-14-45-05-258	760	0	0	520.0	328.0

2019-03-06-14-45-05-324	761	0	5	1218.0	314.0

2019-03-06-14-45-05-391	762	0	6	523.0	334.0

2019-03-06-14-45-05-508	763	0	1	1218.0	327.5

2019-03-06-14-45-05-612	764	0	0	575.0	348.0

2019-03-06-14-45-05-746	765	0	1	575.0	348.0

2019-03-06-14-45-05-772	766	0	0	1179.0	336.0

2019-03-06-14-45-05-948	767	0	1	1179.0	336.0

2019-03-06-14-45-05-974	768	0	0	570.0	273.0

2019-03-06-14-45-06-096	769	0	1	570.0	273.0

2019-03-06-14-45-06-143	770	0	0	1171.0	332.0

2019-03-06-14-45-06-301	771	0	1	1171.0	334.04715

2019-03-06-14-45-06-502	772	0	0	519.0	426.0

2019-03-06-14-45-06-595	773	0	1	519.0	426.0

2019-03-06-14-45-06-641	774	0	0	1196.0	586.0

2019-03-06-14-45-06-776	775	0	1	1196.0	586.0

2019-03-06-14-45-07-012	776	0	0	550.0	642.0

2019-03-06-14-45-07-123	777	0	1	550.0	642.0

2019-03-06-14-45-07-150	778	0	0	1244.0	724.0

2019-03-06-14-45-07-276	779	0	1	1244.0	724.0

2019-03-06-14-45-07-878	780	0	0	518.0	983.0

2019-03-06-14-45-07-946	781	0	1	518.0	983.0

2019-03-06-14-45-08-301	782	0	0	434.0	774.0

2019-03-06-14-45-08-458	783	0	1	434.0	774.0

2019-03-06-14-45-08-611	784	0	0	1198.0	742.0

2019-03-06-14-45-08-768	785	0	1	1198.0	742.0

2019-03-06-14-45-08-888	786	0	0	276.0	605.0

2019-03-06-14-45-08-967	787	0	1	276.0	605.0

2019-03-06-14-45-09-046	788	0	0	1377.0	559.0

2019-03-06-14-45-09-187	789	0	1	1377.0	559.0

2019-03-06-14-45-09-276	790	0	0	108.0	534.0

2019-03-06-14-45-09-388	791	0	1	108.0	534.0

2019-03-06-14-45-09-657	792	0	0	2.0	398.0

2019-03-06-14-45-09-744	793	0	1	2.0	398.0

2019-03-06-14-45-10-131	794	0	0	55.0	360.0

2019-03-06-14-45-10-212	795	0	1	55.0	360.0

2019-03-06-14-45-10-479	796	0	0	115.0	554.0

2019-03-06-14-45-10-545	797	0	1	115.0	554.0

2019-03-06-14-45-10-700	798	0	0	13.0	330.0

2019-03-06-14-45-10-769	799	0	1	13.0	330.0

2019-03-06-14-45-10-991	800	0	0	0.0	274.0

2019-03-06-14-45-11-057	801	0	1	0.0	274.0

2019-03-06-14-45-11-504	802	0	0	98.0	277.0

2019-03-06-14-45-11-536	803	0	1	98.0	277.0

2019-03-06-14-45-11-745	804	0	0	0.0	244.0

2019-03-06-14-45-11-789	805	0	1	0.0	244.0

2019-03-06-14-45-12-657	806	0	0	39.0	137.0

2019-03-06-14-45-12-742	807	0	1	39.0	137.0

2019-03-06-14-45-13-480	808	0	0	135.0	224.0

2019-03-06-14-45-13-580	809	0	1	135.0	224.0

2019-03-06-14-45-13-680	810	0	0	1313.0	518.0

2019-03-06-14-45-13-836	811	0	1	1313.0	518.0

2019-03-06-14-45-13-989	812	0	0	434.0	393.0

2019-03-06-14-45-14-056	813	0	1	434.0	393.0

2019-03-06-14-45-14-167	814	0	0	1245.0	558.0

2019-03-06-14-45-14-323	815	0	1	1245.0	558.0

2019-03-06-14-45-14-653	816	0	0	644.0	662.0

2019-03-06-14-45-14-766	817	0	1	644.0	662.0

2019-03-06-14-45-15-036	818	0	0	454.0	419.0

2019-03-06-14-45-15-067	819	0	5	1245.0	529.0

2019-03-06-14-45-15-111	820	0	6	454.0	419.0

2019-03-06-14-45-15-211	821	0	1	1245.0	529.0

2019-03-06-14-45-15-411	822	0	0	463.0	404.0

2019-03-06-14-45-15-523	823	0	1	463.0	404.0

2019-03-06-14-45-15-549	824	0	0	1249.0	465.0

2019-03-06-14-45-15-700	825	0	1	1249.0	465.0

2019-03-06-14-45-16-052	826	0	0	212.0	344.0

2019-03-06-14-45-16-189	827	0	5	1353.0	294.0

2019-03-06-14-45-16-216	828	0	6	212.0	344.0

2019-03-06-14-45-16-319	829	0	1	1353.0	300.0

2019-03-06-14-45-16-549	830	0	0	389.0	265.0

2019-03-06-14-45-16-677	831	0	5	1244.0	341.0

2019-03-06-14-45-16-703	832	0	6	389.0	265.0

2019-03-06-14-45-16-770	833	0	1	1244.0	341.0

2019-03-06-14-46-06-417	834	0	0	568.0	498.0

2019-03-06-14-46-07-148	835	0	1	553.0	507.0

2019-03-06-14-46-07-754	836	0	0	551.0	543.0

2019-03-06-14-46-08-349	837	0	1	536.0	554.0

2019-03-06-14-46-08-614	838	0	0	526.0	663.0

2019-03-06-14-46-08-891	839	0	1	522.0	677.0

2019-03-06-14-46-09-115	840	0	0	1242.0	721.0

2019-03-06-14-46-09-414	841	0	1	1243.0	730.0

2019-03-06-14-46-09-592	842	0	0	526.0	560.0

2019-03-06-14-46-09-907	843	0	1	517.0	567.0

2019-03-06-14-46-10-050	844	0	0	1268.0	624.0

2019-03-06-14-46-10-264	845	0	1	1268.0	624.0

2019-03-06-14-46-10-412	846	0	0	1298.0	593.0

2019-03-06-14-46-10-524	847	0	1	1298.0	593.0

2019-03-06-14-46-10-836	848	0	0	1284.0	575.0

2019-03-06-14-46-10-993	849	0	1	1284.0	575.0

2019-03-06-14-46-11-280	850	0	0	1240.0	512.0

2019-03-06-14-46-11-682	851	0	1	1240.0	512.0

2019-03-06-14-46-11-838	852	0	0	1220.0	410.0

2019-03-06-14-46-12-261	853	0	1	1220.0	410.0

2019-03-06-14-46-12-429	854	0	0	1253.0	417.0

2019-03-06-14-46-12-589	855	0	1	1253.0	417.0

2019-03-06-14-46-12-837	856	0	0	1228.0	409.0

2019-03-06-14-46-14-193	857	0	1	1232.0	423.0

2019-03-06-14-46-14-594	858	0	0	1221.0	417.0

2019-03-06-14-46-15-170	859	0	1	1226.0	426.0

2019-03-06-14-46-15-483	860	0	0	1227.0	459.0

2019-03-06-14-46-16-103	861	0	1	1229.0	472.0

2019-03-06-14-46-16-552	862	0	0	1231.0	464.0

2019-03-06-14-46-17-194	863	0	1	1233.0	475.0

2019-03-06-14-46-17-728	864	0	0	1231.0	486.0

2019-03-06-14-46-18-305	865	0	1	1231.0	496.0

2019-03-06-14-46-18-525	866	0	0	1240.0	524.0

2019-03-06-14-46-18-863	867	0	1	1240.0	537.0

2019-03-06-14-46-19-066	868	0	0	1258.0	567.0

2019-03-06-14-46-19-328	869	0	1	1258.0	568.0

2019-03-06-14-46-19-684	870	0	0	546.0	541.0

2019-03-06-14-46-19-793	871	0	1	546.0	541.0

2019-03-06-14-46-19-948	872	0	0	1356.0	551.0

2019-03-06-14-46-20-082	873	0	1	1356.0	551.0

2019-03-06-14-46-20-172	874	0	0	435.0	537.0

2019-03-06-14-46-20-327	875	0	1	435.0	537.0

2019-03-06-14-46-20-373	876	0	0	1472.0	530.0

2019-03-06-14-46-20-508	877	0	1	1472.0	530.0

2019-03-06-14-46-20-657	878	0	0	325.0	541.0

2019-03-06-14-46-20-797	879	0	1	325.0	541.0

2019-03-06-14-46-20-870	880	0	0	1639.0	543.0

2019-03-06-14-46-21-068	881	0	1	1639.0	543.0

2019-03-06-14-46-21-209	882	0	0	185.0	533.0

2019-03-06-14-46-21-413	883	0	1	180.0	535.0

2019-03-06-14-46-21-440	884	0	0	1631.0	516.0

2019-03-06-14-46-21-685	885	0	1	1631.0	516.0

2019-03-06-14-46-21-857	886	0	0	35.0	392.0

2019-03-06-14-46-22-104	887	0	1	40.0	397.0

2019-03-06-14-46-23-683	888	0	0	79.0	295.0

2019-03-06-14-46-23-806	889	0	1	84.0	246.0

2019-03-06-14-46-24-170	890	0	0	21.0	178.0

2019-03-06-14-46-24-348	891	0	1	20.0	207.0

2019-03-06-14-46-25-138	892	0	0	167.0	232.0

2019-03-06-14-46-25-258	893	0	5	1642.0	315.0

2019-03-06-14-46-25-283	894	0	6	167.0	232.0

2019-03-06-14-46-25-389	895	0	1	1634.0	328.0

2019-03-06-14-46-25-639	896	0	0	382.0	246.0

2019-03-06-14-46-25-795	897	0	1	382.0	246.0

2019-03-06-14-46-25-804	898	0	0	1376.0	348.0

2019-03-06-14-46-25-970	899	0	1	1374.0	350.0

2019-03-06-14-46-26-123	900	0	0	491.0	264.0

2019-03-06-14-46-26-250	901	0	5	1274.0	391.0

2019-03-06-14-46-26-309	902	0	6	489.0	268.0

2019-03-06-14-46-26-455	903	0	1	1276.0	399.0

2019-03-06-14-46-26-591	904	0	0	563.0	280.0

2019-03-06-14-46-26-725	905	0	5	1205.0	406.0

2019-03-06-14-46-26-758	906	0	6	563.0	280.0

2019-03-06-14-46-26-897	907	0	1	1210.5	411.0

2019-03-06-14-46-28-013	908	0	0	436.0	357.0

2019-03-06-14-46-28-147	909	0	5	1235.0	447.0

2019-03-06-14-46-28-174	910	0	6	436.0	357.0

2019-03-06-14-46-28-302	911	0	1	1238.0	456.0

2019-03-06-14-46-28-439	912	0	0	491.0	405.0

2019-03-06-14-46-28-585	913	0	1	491.0	405.0

2019-03-06-14-46-28-594	914	0	0	1223.0	504.0

2019-03-06-14-46-28-820	915	0	1	1223.0	507.0

2019-03-06-14-46-28-829	916	0	0	506.0	482.0

2019-03-06-14-46-29-012	917	0	1	499.5	489.5

2019-03-06-14-46-29-021	918	0	0	1209.0	582.0

2019-03-06-14-46-29-324	919	0	1	1222.0	607.0

2019-03-06-14-46-29-592	920	0	0	498.0	700.0

2019-03-06-14-46-29-710	921	0	1	498.0	700.0

2019-03-06-14-46-29-738	922	0	0	1323.0	637.0

2019-03-06-14-46-29-856	923	0	1	1323.0	637.0

2019-03-06-14-46-30-236	924	0	0	503.0	699.0

2019-03-06-14-46-30-369	925	0	1	503.0	699.0

2019-03-06-14-46-30-397	926	0	0	1287.0	705.0

2019-03-06-14-46-30-529	927	0	1	1287.0	705.0

2019-03-06-14-46-31-124	928	0	0	533.0	733.0

2019-03-06-14-46-31-280	929	0	1	533.0	733.0

2019-03-06-14-46-31-503	930	0	0	1254.0	837.0

2019-03-06-14-46-31-635	931	0	1	1254.0	837.0

2019-03-06-14-46-32-010	932	0	0	558.0	740.0

2019-03-06-14-46-32-103	933	0	1	558.0	740.0

2019-03-06-14-46-32-195	934	0	0	1242.0	801.0

2019-03-06-14-46-32-326	935	0	1	1242.0	801.0

2019-03-06-14-46-32-435	936	0	0	546.0	580.0

2019-03-06-14-46-32-549	937	0	5	1243.0	629.0

2019-03-06-14-46-32-576	938	0	6	546.0	580.0

2019-03-06-14-46-32-721	939	0	1	1243.0	629.0

2019-03-06-14-46-32-858	940	0	0	457.0	506.0

2019-03-06-14-46-33-016	941	0	1	457.0	506.0

2019-03-06-14-46-33-045	942	0	0	1470.0	539.0

2019-03-06-14-46-33-108	943	0	1	1470.0	539.0

2019-03-06-14-46-33-246	944	0	0	233.0	544.0

2019-03-06-14-46-33-392	945	0	1	219.0	551.0

2019-03-06-14-46-33-724	946	0	0	103.0	520.0

2019-03-06-14-46-33-859	947	0	1	103.0	520.0

2019-03-06-14-46-33-904	948	0	0	1673.0	516.0

2019-03-06-14-46-34-062	949	0	1	1673.0	518.0

2019-03-06-14-46-34-132	950	0	0	67.0	337.0

2019-03-06-14-46-34-264	951	0	1	67.0	337.0

2019-03-06-14-46-34-569	952	0	0	1489.0	408.0

2019-03-06-14-46-34-702	953	0	1	1489.0	408.0

2019-03-06-14-46-34-791	954	0	0	283.0	257.0

2019-03-06-14-46-34-925	955	0	1	283.0	257.0

2019-03-06-14-46-34-991	956	0	0	1315.0	328.0

2019-03-06-14-46-35-147	957	0	1	1314.0	327.0

2019-03-06-14-46-35-280	958	0	0	461.0	199.0

2019-03-06-14-46-35-413	959	0	5	1304.0	188.0

2019-03-06-14-46-35-439	960	0	6	461.0	199.0

2019-03-06-14-46-35-769	961	0	1	1290.0	218.0

2019-03-06-14-46-36-059	962	0	0	644.0	217.0

2019-03-06-14-46-36-105	963	0	1	644.0	217.0

2019-03-06-14-46-36-258	964	0	0	1243.0	242.0

2019-03-06-14-46-36-394	965	0	5	667.0	225.0

2019-03-06-14-46-36-460	966	0	6	1245.0	248.5

2019-03-06-14-46-36-504	967	0	1	667.0	225.0

2019-03-06-14-46-36-601	968	0	0	666.0	243.0

2019-03-06-14-46-36-712	969	0	1	666.0	243.0

2019-03-06-14-46-36-738	970	0	0	1235.0	251.0

2019-03-06-14-46-36-873	971	0	1	1235.0	251.0

2019-03-06-14-46-37-169	972	0	0	442.0	295.0

2019-03-06-14-46-37-281	973	0	1	442.0	295.0

2019-03-06-14-46-37-307	974	0	0	1177.0	244.0

2019-03-06-14-46-37-480	975	0	1	1176.0	247.0

2019-03-06-14-46-37-792	976	0	0	625.0	220.0

2019-03-06-14-46-38-148	977	0	1	625.0	220.0

2019-03-06-14-46-38-505	978	0	0	350.0	259.0

2019-03-06-14-46-38-661	979	0	1	347.0	264.0

2019-03-06-14-46-38-856	980	0	0	173.0	271.0

2019-03-06-14-46-39-058	981	0	1	166.0	280.0

2019-03-06-14-46-39-659	982	0	0	152.0	227.0

2019-03-06-14-46-39-793	983	0	1	168.0	235.0

2019-03-06-14-46-39-825	984	0	0	1501.0	266.0

2019-03-06-14-46-39-994	985	0	1	1493.0	271.0

2019-03-06-14-46-40-055	986	0	0	428.0	239.0

2019-03-06-14-46-40-221	987	0	1	428.0	239.0

2019-03-06-14-46-40-283	988	0	0	1303.0	277.0

2019-03-06-14-46-40-451	989	0	1	1302.0	281.0

2019-03-06-14-46-40-514	990	0	0	575.0	253.0

2019-03-06-14-46-40-684	991	0	1	570.0	254.0

2019-03-06-14-46-40-768	992	0	0	1242.0	327.0

2019-03-06-14-46-40-947	993	0	1	1243.0	331.0

2019-03-06-14-46-41-081	994	0	0	0.0	255.0

2019-03-06-14-46-41-166	995	0	1	0.0	255.0

2019-03-06-14-46-41-576	996	0	0	225.0	471.0

2019-03-06-14-46-41-643	997	0	1	225.0	471.0

2019-03-06-14-46-42-458	998	0	0	0.0	186.0

2019-03-06-14-46-42-592	999	0	1	0.0	194.0

2019-03-06-14-46-44-176	1000	0	0	575.0	593.0

2019-03-06-14-46-44-286	1001	0	1	575.0	593.0

2019-03-06-14-46-44-333	1002	0	0	1125.0	598.0

2019-03-06-14-46-44-453	1003	0	1	1125.0	598.0

2019-03-06-14-46-44-598	1004	0	0	610.0	592.0

2019-03-06-14-46-44-714	1005	0	1	610.0	592.0

2019-03-06-14-46-44-903	1006	0	0	1132.0	672.0

2019-03-06-14-46-45-102	1007	0	1	1132.0	672.0

2019-03-06-14-46-45-486	1008	0	0	1186.0	719.0

2019-03-06-14-46-45-798	1009	0	1	1186.0	719.0

2019-03-06-14-46-45-971	1010	0	0	1190.0	740.0

2019-03-06-14-46-46-171	1011	0	1	1190.0	741.0

2019-03-06-14-46-46-505	1012	0	0	1204.0	679.0

2019-03-06-14-46-46-749	1013	0	1	1205.0	680.0

2019-03-06-14-46-47-147	1014	0	0	1206.0	670.0

2019-03-06-14-46-47-393	1015	0	1	1206.0	670.0

2019-03-06-14-46-47-662	1016	0	0	1190.0	691.0

2019-03-06-14-46-47-949	1017	0	1	1190.0	692.0

2019-03-06-14-46-48-221	1018	0	0	601.0	689.0

2019-03-06-14-46-48-321	1019	0	1	601.0	689.0

2019-03-06-14-46-48-593	1020	0	0	669.0	718.0

2019-03-06-14-46-48-772	1021	0	1	667.0	719.0

2019-03-06-14-46-49-085	1022	0	0	546.0	718.0

2019-03-06-14-46-49-227	1023	0	1	546.0	718.0

2019-03-06-14-46-49-526	1024	0	0	461.0	730.0

2019-03-06-14-46-49-705	1025	0	1	461.0	730.0

2019-03-06-14-46-49-994	1026	0	0	286.0	555.0

2019-03-06-14-46-50-103	1027	0	1	286.0	555.0

2019-03-06-14-46-50-306	1028	0	0	1404.0	541.0

2019-03-06-14-46-50-438	1029	0	1	1404.0	541.0

2019-03-06-14-46-50-600	1030	0	0	378.0	523.0

2019-03-06-14-46-50-717	1031	0	1	378.0	523.0

2019-03-06-14-46-50-765	1032	0	0	1269.0	595.0

2019-03-06-14-46-50-923	1033	0	1	1269.0	595.0

2019-03-06-14-46-51-082	1034	0	0	454.0	475.0

2019-03-06-14-46-51-216	1035	0	1	454.0	475.0

2019-03-06-14-46-51-242	1036	0	0	1232.0	582.0

2019-03-06-14-46-51-368	1037	0	1	1232.0	582.0

2019-03-06-14-46-51-477	1038	0	0	446.0	460.0

2019-03-06-14-46-51-624	1039	0	1	446.0	460.0

2019-03-06-14-46-51-654	1040	0	0	1293.0	540.0

2019-03-06-14-46-51-771	1041	0	1	1293.0	540.0

2019-03-06-14-46-51-925	1042	0	0	1331.0	532.0

2019-03-06-14-46-52-036	1043	0	1	1331.0	532.0

2019-03-06-14-46-52-289	1044	0	0	329.0	448.0

2019-03-06-14-46-52-410	1045	0	1	329.0	448.0

2019-03-06-14-46-52-419	1046	0	0	1355.0	527.0

2019-03-06-14-46-52-540	1047	0	1	1355.0	536.0

2019-03-06-14-46-52-629	1048	0	0	316.0	453.0

2019-03-06-14-46-52-784	1049	0	1	316.0	453.0

2019-03-06-14-46-52-812	1050	0	0	1361.0	538.0

2019-03-06-14-46-52-948	1051	0	1	1361.0	538.0

2019-03-06-14-46-53-056	1052	0	0	308.0	467.0

2019-03-06-14-46-53-259	1053	0	5	1347.0	528.0

2019-03-06-14-46-53-288	1054	0	6	300.0	473.0

2019-03-06-14-46-53-368	1055	0	1	1339.0	532.0

2019-03-06-14-46-53-545	1056	0	0	456.0	429.0

2019-03-06-14-46-53-657	1057	0	5	1192.0	539.0

2019-03-06-14-46-53-703	1058	0	6	448.0	438.0

2019-03-06-14-46-53-812	1059	0	1	1193.0	544.0

2019-03-06-14-46-54-096	1060	0	0	583.0	485.0

2019-03-06-14-46-54-262	1061	0	1	583.0	485.0

2019-03-06-14-46-54-272	1062	0	0	1182.0	512.0

2019-03-06-14-46-54-435	1063	0	1	1182.0	512.0

