2019-03-06-15-15-36-513	1976	0	0	128.0	186.0

2019-03-06-15-15-36-653	1977	0	1	128.0	186.0

2019-03-06-15-15-36-930	1978	0	0	313.0	288.0

2019-03-06-15-15-37-009	1979	0	1	313.0	288.0

2019-03-06-15-15-37-065	1980	0	0	316.0	240.0

2019-03-06-15-15-37-198	1981	0	1	316.0	240.0

2019-03-06-15-15-37-591	1982	0	0	283.0	207.0

2019-03-06-15-15-37-665	1983	0	1	283.0	207.0

2019-03-06-15-15-37-887	1984	0	0	301.0	221.0

2019-03-06-15-15-37-972	1985	0	1	301.0	221.0

2019-03-06-15-15-38-080	1986	0	0	300.0	240.0

2019-03-06-15-15-38-158	1987	0	1	300.0	240.0

2019-03-06-15-15-38-334	1988	0	0	496.0	228.0

2019-03-06-15-15-38-427	1989	0	1	496.0	228.0

2019-03-06-15-15-38-553	1990	0	0	505.0	245.0

2019-03-06-15-15-38-640	1991	0	1	505.0	245.0

2019-03-06-15-15-40-647	1992	0	0	500.0	338.0

2019-03-06-15-15-40-796	1993	0	1	500.0	338.0

2019-03-06-15-15-41-036	1994	0	0	523.0	454.0

2019-03-06-15-15-41-096	1995	0	1	523.0	454.0

2019-03-06-15-15-58-654	1996	0	0	193.0	386.0

2019-03-06-15-15-58-833	1997	0	1	190.0	393.0

2019-03-06-15-15-59-074	1998	0	0	221.0	397.0

2019-03-06-15-15-59-276	1999	0	1	221.0	397.0

2019-03-06-15-15-59-489	2000	0	0	213.0	407.0

2019-03-06-15-15-59-699	2001	0	1	208.0	413.0

2019-03-06-15-15-59-884	2002	0	0	220.0	401.0

2019-03-06-15-16-00-002	2003	0	1	220.0	401.0

2019-03-06-15-16-00-523	2004	0	0	45.0	128.0

2019-03-06-15-16-00-650	2005	0	1	45.0	128.0

2019-03-06-15-16-01-156	2006	0	0	130.0	223.0

2019-03-06-15-16-01-234	2007	0	1	130.0	223.0

2019-03-06-15-16-01-441	2008	0	0	110.0	238.0

2019-03-06-15-16-01-577	2009	0	1	110.0	238.0

2019-03-06-15-16-01-728	2010	0	0	109.0	215.0

2019-03-06-15-16-01-827	2011	0	1	109.0	215.0

2019-03-06-15-16-02-054	2012	0	0	112.0	158.0

2019-03-06-15-16-02-132	2013	0	1	112.0	158.0

2019-03-06-15-16-02-279	2014	0	0	101.0	182.0

2019-03-06-15-16-02-339	2015	0	1	101.0	182.0

2019-03-06-15-16-02-456	2016	0	0	102.0	171.0

2019-03-06-15-16-02-592	2017	0	1	102.0	171.0

2019-03-06-15-16-02-794	2018	0	0	104.0	172.0

2019-03-06-15-16-02-840	2019	0	1	104.0	172.0

2019-03-06-15-16-05-770	2020	0	0	78.0	136.0

2019-03-06-15-16-05-916	2021	0	1	78.0	136.0

2019-03-06-15-16-06-098	2022	0	0	77.0	136.0

2019-03-06-15-16-06-180	2023	0	1	77.0	136.0

2019-03-06-15-16-06-265	2024	0	0	76.0	163.0

2019-03-06-15-16-06-345	2025	0	1	76.0	163.0

2019-03-06-15-16-06-637	2026	0	0	187.0	423.0

2019-03-06-15-16-06-744	2027	0	1	187.0	423.0

2019-03-06-15-16-06-875	2028	0	0	186.0	430.0

2019-03-06-15-16-06-954	2029	0	1	186.0	430.0

2019-03-06-15-16-07-105	2030	0	0	349.0	428.0

2019-03-06-15-16-07-208	2031	0	1	349.0	428.0

2019-03-06-15-16-07-325	2032	0	0	365.0	437.0

2019-03-06-15-16-07-409	2033	0	1	365.0	437.0

2019-03-06-15-16-07-495	2034	0	0	353.0	443.0

2019-03-06-15-16-07-574	2035	0	1	353.0	443.0

2019-03-06-15-16-07-968	2036	0	0	387.0	598.0

2019-03-06-15-16-08-030	2037	0	1	387.0	598.0

2019-03-06-15-16-08-155	2038	0	0	386.0	599.0

2019-03-06-15-16-08-265	2039	0	1	386.0	599.0

2019-03-06-15-16-08-470	2040	0	0	542.0	624.0

2019-03-06-15-16-08-551	2041	0	1	542.0	624.0

2019-03-06-15-16-08-636	2042	0	0	566.0	623.0

2019-03-06-15-16-08-723	2043	0	1	566.0	623.0

2019-03-06-15-16-08-824	2044	0	0	577.0	545.0

2019-03-06-15-16-08-868	2045	0	1	577.0	545.0

2019-03-06-15-16-08-983	2046	0	0	507.0	381.0

2019-03-06-15-16-09-061	2047	0	1	507.0	381.0

2019-03-06-15-16-09-166	2048	0	0	521.0	344.0

2019-03-06-15-16-09-227	2049	0	1	521.0	344.0

2019-03-06-15-16-09-289	2050	0	0	612.0	376.0

2019-03-06-15-16-09-371	2051	0	1	612.0	376.0

2019-03-06-15-16-09-469	2052	0	0	654.0	407.0

2019-03-06-15-16-09-527	2053	0	1	654.0	407.0

2019-03-06-15-16-09-669	2054	0	0	716.0	450.0

2019-03-06-15-16-09-731	2055	0	1	716.0	450.0

2019-03-06-15-16-09-857	2056	0	0	761.0	527.0

2019-03-06-15-16-09-926	2057	0	1	761.0	527.0

2019-03-06-15-16-10-023	2058	0	0	784.0	540.0

2019-03-06-15-16-10-092	2059	0	1	784.0	540.0

2019-03-06-15-16-10-172	2060	0	0	754.0	554.0

2019-03-06-15-16-10-253	2061	0	1	754.0	554.0

2019-03-06-15-16-10-394	2062	0	0	584.0	506.0

2019-03-06-15-16-10-439	2063	0	1	584.0	506.0

2019-03-06-15-16-10-540	2064	0	0	517.0	505.0

2019-03-06-15-16-10-621	2065	0	1	517.0	505.0

2019-03-06-15-16-10-735	2066	0	0	461.0	449.0

2019-03-06-15-16-10-781	2067	0	1	461.0	449.0

2019-03-06-15-16-10-869	2068	0	0	378.0	355.0

2019-03-06-15-16-10-971	2069	0	1	378.0	355.0

2019-03-06-15-16-11-070	2070	0	0	511.0	357.0

2019-03-06-15-16-11-113	2071	0	1	511.0	357.0

2019-03-06-15-16-11-251	2072	0	0	629.0	384.0

2019-03-06-15-16-11-278	2073	0	1	629.0	384.0

2019-03-06-15-16-11-376	2074	0	0	646.0	411.0

2019-03-06-15-16-11-438	2075	0	1	646.0	411.0

2019-03-06-15-16-11-553	2076	0	0	624.0	448.0

2019-03-06-15-16-11-631	2077	0	1	624.0	448.0

2019-03-06-15-16-11-798	2078	0	0	818.0	476.0

2019-03-06-15-16-11-878	2079	0	1	818.0	476.0

2019-03-06-15-16-12-253	2080	0	0	889.0	429.0

2019-03-06-15-16-12-297	2081	0	1	889.0	429.0

2019-03-06-15-16-12-522	2082	0	0	691.0	347.0

2019-03-06-15-16-12-583	2083	0	1	691.0	347.0

2019-03-06-15-16-12-887	2084	0	0	552.0	368.0

2019-03-06-15-16-12-951	2085	0	1	552.0	368.0

2019-03-06-15-16-13-177	2086	0	0	463.0	343.0

2019-03-06-15-16-13-281	2087	0	1	463.0	343.0

2019-03-06-15-16-14-123	2088	0	0	867.0	448.0

2019-03-06-15-16-14-195	2089	0	1	867.0	448.0

2019-03-06-15-16-14-400	2090	0	0	1014.0	469.0

2019-03-06-15-16-14-478	2091	0	1	1014.0	469.0

2019-03-06-15-16-14-645	2092	0	0	1016.0	424.0

2019-03-06-15-16-14-742	2093	0	1	1016.0	424.0

2019-03-06-15-16-14-996	2094	0	0	777.0	268.0

2019-03-06-15-16-15-058	2095	0	1	777.0	268.0

2019-03-06-15-16-15-205	2096	0	0	610.0	236.0

2019-03-06-15-16-15-288	2097	0	1	610.0	236.0

2019-03-06-15-16-15-446	2098	0	0	609.0	338.0

2019-03-06-15-16-15-507	2099	0	1	609.0	338.0

2019-03-06-15-16-15-625	2100	0	0	769.0	467.0

2019-03-06-15-16-15-670	2101	0	1	769.0	467.0

2019-03-06-15-16-15-810	2102	0	0	1057.0	516.0

2019-03-06-15-16-15-872	2103	0	1	1057.0	516.0

2019-03-06-15-16-16-013	2104	0	0	930.0	416.0

2019-03-06-15-16-16-058	2105	0	1	920.0	412.0

2019-03-06-15-16-16-235	2106	0	0	682.0	331.0

2019-03-06-15-16-16-283	2107	0	1	682.0	331.0

2019-03-06-15-16-16-451	2108	0	0	573.0	330.0

2019-03-06-15-16-16-513	2109	0	1	573.0	330.0

2019-03-06-15-16-16-832	2110	0	0	831.0	495.0

2019-03-06-15-16-16-893	2111	0	1	845.0	498.0

2019-03-06-15-16-16-962	2112	0	0	849.0	499.0

2019-03-06-15-16-17-041	2113	0	1	849.0	499.0

2019-03-06-15-16-17-180	2114	0	0	705.0	464.0

2019-03-06-15-16-17-206	2115	0	1	705.0	464.0

2019-03-06-15-16-43-172	2116	0	0	714.0	458.0

2019-03-06-15-16-43-373	2117	0	1	707.9988	471.00372

2019-03-06-15-16-43-594	2118	0	0	1266.0	450.0

2019-03-06-15-16-43-755	2119	0	1	1267.0	450.0

2019-03-06-15-16-44-352	2120	0	0	669.0	496.0

2019-03-06-15-16-44-435	2121	0	1	669.0	496.0

2019-03-06-15-16-44-727	2122	0	0	1191.0	506.0

2019-03-06-15-16-44-831	2123	0	1	1191.0	506.0

2019-03-06-15-16-45-083	2124	0	0	1195.0	377.0

2019-03-06-15-16-45-215	2125	0	1	1221.0	369.0

2019-03-06-15-16-45-503	2126	0	0	681.0	451.0

2019-03-06-15-16-45-592	2127	0	1	681.0	451.0

2019-03-06-15-16-45-815	2128	0	0	1201.0	408.0

2019-03-06-15-16-45-903	2129	0	1	1201.0	408.0

2019-03-06-15-16-46-158	2130	0	0	631.0	278.0

2019-03-06-15-16-46-281	2131	0	1	631.0	278.0

2019-03-06-15-16-46-526	2132	0	0	1159.0	225.0

2019-03-06-15-16-46-665	2133	0	1	1159.0	225.0

2019-03-06-15-16-46-838	2134	0	0	604.0	155.0

2019-03-06-15-16-47-037	2135	0	1	560.0	170.0

2019-03-06-15-16-47-253	2136	0	0	570.0	186.0

2019-03-06-15-16-47-349	2137	0	1	570.0	186.0

2019-03-06-15-16-47-468	2138	0	0	581.0	171.0

2019-03-06-15-16-47-515	2139	0	1	581.0	171.0

2019-03-06-15-16-47-752	2140	0	0	609.0	191.0

2019-03-06-15-16-47-858	2141	0	1	609.0	191.0

2019-03-06-15-16-48-126	2142	0	0	747.0	194.0

2019-03-06-15-16-48-235	2143	0	1	747.0	194.0

2019-03-06-15-16-48-426	2144	0	0	760.0	166.0

2019-03-06-15-16-48-502	2145	0	1	760.0	166.0

2019-03-06-15-16-48-611	2146	0	0	793.0	72.0

2019-03-06-15-16-48-748	2147	0	1	793.0	72.0

2019-03-06-15-16-48-924	2148	0	0	812.0	169.0

2019-03-06-15-16-49-018	2149	0	1	812.0	169.0

2019-03-06-15-16-49-325	2150	0	0	1235.0	261.0

2019-03-06-15-16-49-436	2151	0	1	1235.0	261.0

2019-03-06-15-16-49-720	2152	0	0	1283.0	157.0

2019-03-06-15-16-49-842	2153	0	1	1283.0	157.0

2019-03-06-15-16-50-149	2154	0	0	1197.0	214.0

2019-03-06-15-16-50-302	2155	0	1	1197.0	214.0

2019-03-06-15-16-51-020	2156	0	0	1288.0	931.0

2019-03-06-15-16-51-144	2157	0	1	1288.0	931.0

2019-03-06-15-16-51-527	2158	0	0	519.0	438.0

2019-03-06-15-16-51-636	2159	0	1	519.0	438.0

2019-03-06-15-16-51-930	2160	0	0	1509.0	357.0

2019-03-06-15-16-52-065	2161	0	1	1509.0	357.0

2019-03-06-15-16-52-416	2162	0	0	1645.0	426.0

2019-03-06-15-16-52-501	2163	0	1	1645.0	426.0

2019-03-06-15-16-52-868	2164	0	0	1494.0	446.0

2019-03-06-15-16-52-999	2165	0	1	1494.0	446.0

2019-03-06-15-16-53-482	2166	0	0	1310.0	463.0

2019-03-06-15-16-53-637	2167	0	1	1311.0	464.0

2019-03-06-15-16-54-950	2168	0	0	532.0	428.0

2019-03-06-15-16-55-095	2169	0	1	532.0	428.0

2019-03-06-15-16-55-313	2170	0	0	1453.0	443.0

2019-03-06-15-16-55-397	2171	0	1	1453.0	443.0

2019-03-06-15-16-55-725	2172	0	0	620.0	427.0

2019-03-06-15-16-55-860	2173	0	1	620.0	427.0

2019-03-06-15-16-55-869	2174	0	0	1411.0	439.0

2019-03-06-15-16-56-031	2175	0	1	1411.0	440.5

2019-03-06-15-16-56-281	2176	0	0	478.0	434.0

2019-03-06-15-16-56-348	2177	0	1	478.0	434.0

2019-03-06-15-16-56-380	2178	0	0	1597.0	425.0

2019-03-06-15-16-56-497	2179	0	1	1597.0	425.0

2019-03-06-15-16-56-836	2180	0	0	258.0	408.0

2019-03-06-15-16-56-972	2181	0	1	258.0	408.0

2019-03-06-15-16-57-214	2182	0	0	109.0	223.0

2019-03-06-15-16-57-324	2183	0	1	109.0	223.0

2019-03-06-15-17-32-527	2184	0	0	715.0	473.0

2019-03-06-15-17-32-733	2185	0	1	707.70605	477.09796

2019-03-06-15-17-32-995	2186	0	0	731.0	411.0

2019-03-06-15-17-33-130	2187	0	1	731.0	411.0

2019-03-06-15-17-33-473	2188	0	0	698.0	398.0

2019-03-06-15-17-33-550	2189	0	1	698.0	398.0

2019-03-06-15-17-33-751	2190	0	0	1219.0	427.0

2019-03-06-15-17-33-883	2191	0	1	1219.0	427.0

2019-03-06-15-17-34-262	2192	0	0	1160.0	472.0

2019-03-06-15-17-35-529	2193	0	1	1166.0	488.0

2019-03-06-15-17-36-686	2194	0	0	1507.0	598.0

2019-03-06-15-17-38-662	2195	0	1	1487.0	600.0

2019-03-06-15-17-39-551	2196	0	0	343.0	605.0

2019-03-06-15-17-39-617	2197	0	5	1774.0	570.0

2019-03-06-15-17-39-711	2198	0	6	343.0	609.0

2019-03-06-15-17-39-861	2199	0	1	1761.0	580.0

2019-03-06-15-17-40-149	2200	0	0	405.0	606.0

2019-03-06-15-17-40-289	2201	0	1	405.0	606.0

2019-03-06-15-17-40-441	2202	0	0	396.0	527.0

2019-03-06-15-17-40-592	2203	0	1	396.0	527.0

2019-03-06-15-17-40-749	2204	0	0	421.0	615.0

2019-03-06-15-17-40-905	2205	0	1	410.0	644.0

2019-03-06-15-17-41-039	2206	0	0	389.0	642.0

2019-03-06-15-17-41-217	2207	0	1	389.0	653.0

2019-03-06-15-17-41-329	2208	0	0	378.0	650.0

2019-03-06-15-17-41-525	2209	0	1	379.0	660.0

2019-03-06-15-17-41-817	2210	0	0	305.0	429.0

2019-03-06-15-17-42-082	2211	0	1	304.0	453.0

2019-03-06-15-17-42-349	2212	0	0	340.0	681.0

2019-03-06-15-17-42-679	2213	0	1	337.0	703.0

2019-03-06-15-17-42-827	2214	0	0	351.0	684.0

2019-03-06-15-17-42-948	2215	0	1	351.0	684.0

2019-03-06-15-17-43-084	2216	0	0	344.0	672.0

2019-03-06-15-17-43-172	2217	0	1	344.0	672.0

2019-03-06-15-17-43-260	2218	0	0	341.0	677.0

2019-03-06-15-17-43-348	2219	0	1	341.0	677.0

2019-03-06-15-17-43-467	2220	0	0	337.0	677.0

2019-03-06-15-17-43-547	2221	0	1	337.0	677.0

2019-03-06-15-17-43-636	2222	0	0	347.0	682.0

2019-03-06-15-17-43-726	2223	0	1	347.0	682.0

2019-03-06-15-17-43-816	2224	0	0	363.0	695.0

2019-03-06-15-17-43-894	2225	0	1	363.0	695.0

2019-03-06-15-17-44-172	2226	0	0	315.0	492.0

2019-03-06-15-17-44-328	2227	0	1	315.0	492.0

2019-03-06-15-17-44-662	2228	0	0	335.0	425.0

2019-03-06-15-17-44-885	2229	0	1	335.0	425.0

2019-03-06-15-17-45-304	2230	0	0	157.0	450.0

2019-03-06-15-17-45-730	2231	0	1	146.71416	469.57123

2019-03-06-15-17-45-973	2232	0	0	0.0	242.0

2019-03-06-15-17-46-372	2233	0	1	0.0	255.0

2019-03-06-15-17-46-572	2234	0	0	68.0	157.0

2019-03-06-15-17-46-757	2235	0	1	63.89878	166.30367

2019-03-06-15-17-47-195	2236	0	0	199.0	222.0

2019-03-06-15-17-47-439	2237	0	1	199.0	222.0

2019-03-06-15-17-47-794	2238	0	0	448.0	258.0

2019-03-06-15-17-47-927	2239	0	1	448.0	258.0

2019-03-06-15-17-48-262	2240	0	0	522.0	456.0

2019-03-06-15-17-48-396	2241	0	1	522.0	456.0

2019-03-06-15-17-48-615	2242	0	0	404.0	196.0

2019-03-06-15-17-48-838	2243	0	1	404.0	196.0

2019-03-06-15-17-49-062	2244	0	0	562.0	224.0

2019-03-06-15-17-49-418	2245	0	1	556.0	233.0

2019-03-06-15-17-49-599	2246	0	0	651.0	235.0

2019-03-06-15-17-49-996	2247	0	1	651.0	235.0

2019-03-06-15-17-50-262	2248	0	0	649.0	95.0

2019-03-06-15-17-50-508	2249	0	1	629.0	128.0

2019-03-06-15-17-50-911	2250	0	0	685.0	365.0

2019-03-06-15-17-51-106	2251	0	1	675.6927	380.461

2019-03-06-15-17-51-417	2252	0	0	666.0	500.0

2019-03-06-15-17-51-552	2253	0	1	666.0	500.0

2019-03-06-15-17-51-706	2254	0	0	482.0	453.0

2019-03-06-15-17-51-828	2255	0	1	482.0	453.0

2019-03-06-15-17-52-063	2256	0	0	291.0	413.0

2019-03-06-15-17-52-169	2257	0	1	291.0	413.0

2019-03-06-15-17-52-418	2258	0	0	88.0	318.0

2019-03-06-15-17-52-551	2259	0	1	88.0	318.0

2019-03-06-15-17-53-093	2260	0	0	87.0	380.0

2019-03-06-15-17-53-218	2261	0	1	87.0	380.0

2019-03-06-15-17-53-996	2262	0	0	1380.0	420.0

2019-03-06-15-17-54-227	2263	0	1	1384.0936	411.81274

2019-03-06-15-17-55-129	2264	0	0	1805.0	426.0

2019-03-06-15-17-55-371	2265	0	1	1799.0	428.0

2019-03-06-15-17-55-707	2266	0	0	1578.0	453.0

2019-03-06-15-17-55-906	2267	0	1	1578.0	455.0

2019-03-06-15-17-56-671	2268	0	0	1893.0	273.0

2019-03-06-15-17-56-906	2269	0	1	1869.0	270.0

2019-03-06-15-18-29-174	2270	0	0	1288.0	535.0

2019-03-06-15-18-29-291	2271	0	1	1353.0	526.0

2019-03-06-15-18-30-086	2272	0	0	1670.0	215.0

2019-03-06-15-18-30-114	2273	0	1	1670.0	215.0

2019-03-06-15-18-30-752	2274	0	0	1689.0	264.0

2019-03-06-15-18-30-862	2275	0	1	1689.0	264.0

2019-03-06-15-18-31-619	2276	0	0	1222.0	483.0

2019-03-06-15-18-31-753	2277	0	1	1222.0	483.0

2019-03-06-15-18-32-020	2278	0	0	1276.0	475.0

2019-03-06-15-18-32-108	2279	0	1	1276.0	475.0

2019-03-06-15-18-32-574	2280	0	0	1128.0	546.0

2019-03-06-15-18-32-685	2281	0	1	1128.0	546.0

2019-03-06-15-18-33-130	2282	0	0	1236.0	386.0

2019-03-06-15-18-33-252	2283	0	1	1236.0	386.0

2019-03-06-15-18-33-909	2284	0	0	1327.0	509.0

2019-03-06-15-18-34-038	2285	0	1	1327.0	509.0

2019-03-06-15-18-34-683	2286	0	0	1342.0	538.0

2019-03-06-15-18-34-795	2287	0	1	1342.0	538.0

2019-03-06-15-18-36-087	2288	0	0	1305.0	458.0

2019-03-06-15-18-36-198	2289	0	1	1305.0	458.0

2019-03-06-15-18-36-530	2290	0	0	1280.0	479.0

2019-03-06-15-18-36-618	2291	0	1	1280.0	479.0

2019-03-06-15-18-40-376	2292	0	0	1372.0	559.0

2019-03-06-15-18-40-486	2293	0	1	1372.0	559.0

2019-03-06-15-18-49-422	2294	0	0	1282.0	420.0

2019-03-06-15-18-49-450	2295	0	1	1282.0	420.0

2019-03-06-15-18-50-330	2296	0	0	713.0	525.0

2019-03-06-15-18-50-473	2297	0	1	669.0	517.0

2019-03-06-15-18-51-352	2298	0	0	1727.0	227.0

2019-03-06-15-18-51-459	2299	0	1	1727.0	227.0

2019-03-06-15-18-52-708	2300	0	0	1256.0	472.0

2019-03-06-15-18-52-779	2301	0	1	1256.0	472.0

2019-03-06-15-18-52-924	2302	0	0	574.0	542.0

2019-03-06-15-18-53-059	2303	0	1	574.0	542.0

2019-03-06-15-18-53-639	2304	0	0	574.0	545.0

2019-03-06-15-18-53-771	2305	0	1	574.0	545.0

2019-03-06-15-18-54-264	2306	0	0	1476.0	535.0

2019-03-06-15-18-54-371	2307	0	1	1476.0	535.0

2019-03-06-15-18-54-566	2308	0	0	602.0	552.0

2019-03-06-15-18-54-688	2309	0	1	602.0	552.0

2019-03-06-15-18-54-858	2310	0	0	1544.0	217.0

2019-03-06-15-18-54-970	2311	0	1	1544.0	217.0

2019-03-06-15-18-55-650	2312	0	0	888.0	686.0

2019-03-06-15-18-55-820	2313	0	1	855.0	689.0

2019-03-06-15-18-55-995	2314	0	0	1316.0	760.0

2019-03-06-15-18-56-022	2315	0	1	1316.0	760.0

2019-03-06-15-18-56-665	2316	0	0	1345.0	763.0

2019-03-06-15-18-56-731	2317	0	1	1345.0	763.0

2019-03-06-15-18-57-245	2318	0	0	1397.0	731.0

2019-03-06-15-18-57-308	2319	0	1	1397.0	731.0

2019-03-06-15-18-57-798	2320	0	0	1312.0	524.0

2019-03-06-15-18-57-908	2321	0	1	1312.0	524.0

2019-03-06-15-18-58-465	2322	0	0	1360.0	374.0

2019-03-06-15-18-58-597	2323	0	1	1360.0	374.0

2019-03-06-15-18-58-953	2324	0	0	478.0	424.0

2019-03-06-15-18-59-105	2325	0	1	478.0	424.0

2019-03-06-15-18-59-688	2326	0	0	456.0	563.0

2019-03-06-15-18-59-841	2327	0	1	470.0	572.0

2019-03-06-15-19-00-064	2328	0	0	1549.0	493.0

2019-03-06-15-19-00-176	2329	0	1	1549.0	493.0

2019-03-06-15-19-00-316	2330	0	0	475.0	596.0

2019-03-06-15-19-00-408	2331	0	1	475.0	596.0

2019-03-06-15-19-00-471	2332	0	0	1422.0	544.0

2019-03-06-15-19-00-541	2333	0	1	1422.0	544.0

2019-03-06-15-19-00-649	2334	0	0	821.0	576.0

2019-03-06-15-19-00-778	2335	0	1	821.0	576.0

2019-03-06-15-19-00-824	2336	0	0	1276.0	482.0

2019-03-06-15-19-00-893	2337	0	1	1276.0	482.0

2019-03-06-15-19-00-991	2338	0	0	633.0	551.0

2019-03-06-15-19-01-115	2339	0	1	644.0	579.0

2019-03-06-15-19-01-161	2340	0	0	1368.0	364.0

2019-03-06-15-19-01-212	2341	0	1	1368.0	364.0

2019-03-06-15-19-26-458	2342	0	0	1452.0	428.0

2019-03-06-15-19-26-588	2343	0	1	1452.0	428.0

2019-03-06-15-19-27-156	2344	0	0	1556.0	261.0

2019-03-06-15-19-27-265	2345	0	1	1556.0	261.0

2019-03-06-15-19-27-399	2346	0	0	1587.0	273.0

2019-03-06-15-19-27-675	2347	0	1	1581.0	272.0

2019-03-06-15-19-28-546	2348	0	0	1520.0	185.0

2019-03-06-15-19-28-609	2349	0	1	1520.0	185.0

2019-03-06-15-19-34-802	2350	0	0	1412.0	645.0

2019-03-06-15-19-34-931	2351	0	1	1412.0	645.0

2019-03-06-15-19-35-002	2352	0	0	515.0	697.0

2019-03-06-15-19-35-177	2353	0	1	516.0	703.0

2019-03-06-15-19-35-467	2354	0	0	1535.0	583.0

2019-03-06-15-19-35-577	2355	0	1	1535.0	583.0

2019-03-06-15-19-35-628	2356	0	0	630.0	849.0

2019-03-06-15-19-35-787	2357	0	1	636.0	855.0

2019-03-06-15-19-35-928	2358	0	0	1457.0	668.0

2019-03-06-15-19-35-976	2359	0	1	1457.0	668.0

2019-03-06-15-19-36-003	2360	0	0	629.0	821.0

2019-03-06-15-19-36-106	2361	0	1	619.0	861.0

2019-03-06-15-19-36-211	2362	0	0	1455.0	776.0

2019-03-06-15-19-36-297	2363	0	1	1455.0	776.0

2019-03-06-15-19-36-359	2364	0	0	598.0	808.0

2019-03-06-15-19-36-531	2365	0	1	605.10974	813.0

2019-03-06-15-19-36-564	2366	0	0	1368.0	782.0

2019-03-06-15-19-36-664	2367	0	1	1368.0	782.0

2019-03-06-15-19-36-749	2368	0	0	706.0	879.0

2019-03-06-15-19-36-870	2369	0	1	706.0	879.0

2019-03-06-15-19-37-016	2370	0	0	1601.0	453.0

2019-03-06-15-19-37-151	2371	0	1	1601.0	453.0

2019-03-06-15-19-37-386	2372	0	0	195.0	470.0

2019-03-06-15-19-37-586	2373	0	1	134.0	475.0

2019-03-06-15-19-37-597	2374	0	0	1644.0	345.0

2019-03-06-15-19-37-682	2375	0	1	1644.0	345.0

2019-03-06-15-19-37-811	2376	0	0	357.0	606.0

2019-03-06-15-19-37-922	2377	0	1	374.98407	619.0

2019-03-06-15-19-38-037	2378	0	0	1255.0	627.0

2019-03-06-15-19-38-096	2379	0	1	1255.0	627.0

2019-03-06-15-19-38-161	2380	0	0	668.0	819.0

2019-03-06-15-19-38-297	2381	0	1	645.0	810.0

2019-03-06-15-19-38-351	2382	0	0	1232.0	632.0

2019-03-06-15-19-38-394	2383	0	1	1232.0	632.0

2019-03-06-15-19-38-540	2384	0	0	564.0	708.0

2019-03-06-15-19-38-683	2385	0	1	564.0	708.0

2019-03-06-15-19-38-750	2386	0	0	1455.0	484.0

2019-03-06-15-19-38-783	2387	0	1	1455.0	484.0

2019-03-06-15-19-39-686	2388	0	0	1356.0	561.0

2019-03-06-15-19-39-819	2389	0	1	1356.0	561.0

2019-03-06-15-19-40-286	2390	0	0	1338.0	602.0

2019-03-06-15-19-40-375	2391	0	1	1338.0	602.0

2019-03-06-15-19-40-753	2392	0	0	1329.0	607.0

2019-03-06-15-19-40-853	2393	0	1	1329.0	607.0

2019-03-06-15-19-41-015	2394	0	0	1290.0	636.0

2019-03-06-15-19-41-064	2395	0	1	1290.0	636.0

2019-03-06-15-19-41-452	2396	0	0	749.0	703.0

2019-03-06-15-19-41-752	2397	0	5	1284.0	671.0

2019-03-06-15-19-41-787	2398	0	6	744.0	727.0

2019-03-06-15-19-41-843	2399	0	1	1284.0	671.0

2019-03-06-15-19-42-063	2400	0	0	762.0	807.0

2019-03-06-15-19-42-244	2401	0	1	762.0	807.0

2019-03-06-15-19-42-430	2402	0	0	1337.0	701.0

2019-03-06-15-19-42-502	2403	0	1	1337.0	701.0

2019-03-06-15-20-39-603	2404	0	0	1351.0	542.0

2019-03-06-15-20-39-757	2405	0	1	1351.0	542.0

2019-03-06-15-20-40-085	2406	0	0	542.0	670.0

2019-03-06-15-20-40-245	2407	0	1	542.0	670.0

2019-03-06-15-20-40-389	2408	0	0	1333.0	605.0

2019-03-06-15-20-40-479	2409	0	1	1333.0	605.0

2019-03-06-15-20-40-556	2410	0	0	657.0	709.0

2019-03-06-15-20-40-714	2411	0	1	644.0	739.0

2019-03-06-15-20-40-777	2412	0	0	1481.0	465.0

2019-03-06-15-20-40-848	2413	0	1	1481.0	465.0

2019-03-06-15-20-40-922	2414	0	0	613.0	588.0

2019-03-06-15-20-41-054	2415	0	1	607.0	626.0

2019-03-06-15-20-41-198	2416	0	0	1671.0	271.0

2019-03-06-15-20-41-304	2417	0	1	1671.0	271.0

2019-03-06-15-20-42-225	2418	0	0	1278.0	295.0

2019-03-06-15-20-42-377	2419	0	1	1278.0	295.0

2019-03-06-15-20-42-577	2420	0	0	625.0	393.0

2019-03-06-15-20-42-713	2421	0	1	625.0	393.0

2019-03-06-15-20-42-822	2422	0	0	1419.0	286.0

2019-03-06-15-20-42-954	2423	0	1	1419.0	286.0

2019-03-06-15-20-42-965	2424	0	0	523.0	356.0

2019-03-06-15-20-43-097	2425	0	1	523.0	356.0

2019-03-06-15-20-43-632	2426	0	0	1219.0	376.0

2019-03-06-15-20-43-844	2427	0	1	1221.0	386.0

2019-03-06-15-20-44-022	2428	0	0	706.0	579.0

2019-03-06-15-20-44-276	2429	0	1	700.0	613.0

2019-03-06-15-20-44-432	2430	0	0	1293.0	509.0

2019-03-06-15-20-44-556	2431	0	1	1321.0	524.0

2019-03-06-15-20-44-854	2432	0	0	1360.0	624.0

2019-03-06-15-20-44-910	2433	0	1	1360.0	624.0

2019-03-06-15-20-45-088	2434	0	0	1371.0	606.0

2019-03-06-15-20-45-153	2435	0	1	1399.0	587.0

2019-03-06-15-20-45-276	2436	0	0	671.0	600.0

2019-03-06-15-20-45-420	2437	0	1	672.0	621.0

2019-03-06-15-20-45-487	2438	0	0	1502.0	356.0

2019-03-06-15-20-45-564	2439	0	1	1502.0	356.0

2019-03-06-15-20-45-731	2440	0	0	611.0	526.0

2019-03-06-15-20-45-876	2441	0	1	611.0	526.0

2019-03-06-15-20-45-942	2442	0	0	1197.0	545.0

2019-03-06-15-20-46-052	2443	0	1	1190.0	557.0

2019-03-06-15-20-46-300	2444	0	0	287.0	280.0

2019-03-06-15-20-46-528	2445	0	1	346.0	299.0

2019-03-06-15-20-46-844	2446	0	0	1464.0	217.0

2019-03-06-15-20-46-966	2447	0	1	1464.0	217.0

2019-03-06-15-20-47-454	2448	0	0	1230.0	498.0

2019-03-06-15-20-47-587	2449	0	1	1230.0	498.0

2019-03-06-15-21-10-417	2450	0	0	1362.0	620.0

2019-03-06-15-21-10-536	2451	0	1	1362.0	620.0

2019-03-06-15-21-10-554	2452	0	0	537.0	591.0

2019-03-06-15-21-10-757	2453	0	1	562.0	621.0

2019-03-06-15-21-11-012	2454	0	0	1464.0	521.0

2019-03-06-15-21-11-028	2455	0	5	610.0	595.0

2019-03-06-15-21-11-103	2456	0	6	1464.0	521.0

2019-03-06-15-21-11-179	2457	0	1	610.0	595.0

2019-03-06-15-21-15-870	2458	0	0	1365.0	571.0

2019-03-06-15-21-16-014	2459	0	1	1365.0	571.0

2019-03-06-15-21-16-836	2460	0	0	1333.0	507.0

2019-03-06-15-21-16-980	2461	0	1	1333.0	507.0

2019-03-06-15-21-17-436	2462	0	0	616.0	540.0

2019-03-06-15-21-17-624	2463	0	1	601.8144	537.8144

2019-03-06-15-21-34-459	2464	0	0	1845.0	268.0

2019-03-06-15-21-34-583	2465	0	1	1845.0	268.0

2019-03-06-15-21-34-826	2466	0	0	1826.0	248.0

2019-03-06-15-21-34-871	2467	0	1	1826.0	248.0

2019-03-06-15-21-35-414	2468	0	0	1770.0	408.0

2019-03-06-15-21-35-493	2469	0	1	1776.0	409.0

2019-03-06-15-21-35-670	2470	0	0	1825.0	389.0

2019-03-06-15-21-35-747	2471	0	1	1825.0	389.0

2019-03-06-15-21-35-880	2472	0	0	1775.0	412.0

2019-03-06-15-21-35-959	2473	0	1	1775.0	412.0

2019-03-06-15-21-36-093	2474	0	0	1779.0	412.0

2019-03-06-15-21-36-158	2475	0	1	1779.0	412.0

2019-03-06-15-21-36-369	2476	0	0	1762.0	248.0

2019-03-06-15-21-36-446	2477	0	1	1762.0	248.0

2019-03-06-15-21-36-602	2478	0	0	1762.0	222.0

2019-03-06-15-21-36-658	2479	0	1	1762.0	222.0

2019-03-06-15-21-36-809	2480	0	0	1731.0	202.0

2019-03-06-15-21-36-879	2481	0	1	1731.0	202.0

2019-03-06-15-21-37-534	2482	0	0	1823.0	176.0

2019-03-06-15-21-37-613	2483	0	1	1823.0	176.0

2019-03-06-15-21-37-757	2484	0	0	1781.0	191.0

2019-03-06-15-21-37-868	2485	0	1	1797.0153	204.01524

2019-03-06-15-21-38-046	2486	0	0	1836.0	165.0

2019-03-06-15-21-38-135	2487	0	1	1836.0	165.0

2019-03-06-15-21-38-279	2488	0	0	1811.0	150.0

2019-03-06-15-21-38-347	2489	0	1	1826.0	149.0

2019-03-06-15-21-38-534	2490	0	0	1785.0	148.0

2019-03-06-15-21-38-634	2491	0	1	1785.0	148.0

2019-03-06-15-21-40-414	2492	0	0	1809.0	130.0

2019-03-06-15-21-40-514	2493	0	1	1809.0	130.0

2019-03-06-15-21-40-647	2494	0	0	1837.0	133.0

2019-03-06-15-21-40-747	2495	0	1	1837.0	133.0

2019-03-06-15-21-41-191	2496	0	0	1851.0	131.0

2019-03-06-15-21-41-380	2497	0	1	1851.0	131.0

2019-03-06-15-21-41-657	2498	0	0	1853.0	122.0

2019-03-06-15-21-41-780	2499	0	1	1853.0	122.0

2019-03-06-15-21-41-981	2500	0	0	1862.0	125.0

2019-03-06-15-21-42-048	2501	0	1	1862.0	125.0

2019-03-06-15-21-42-224	2502	0	0	1850.0	131.0

2019-03-06-15-21-42-302	2503	0	1	1850.0	131.0

2019-03-06-15-21-42-513	2504	0	0	1888.0	127.0

2019-03-06-15-21-42-569	2505	0	1	1888.0	127.0

2019-03-06-15-21-42-835	2506	0	0	1842.0	146.0

2019-03-06-15-21-42-890	2507	0	1	1842.0	146.0

2019-03-06-15-21-43-069	2508	0	0	1871.0	149.0

2019-03-06-15-21-43-147	2509	0	1	1871.0	149.0

2019-03-06-15-21-43-347	2510	0	0	1918.0	134.0

2019-03-06-15-21-43-424	2511	0	1	1918.0	134.0

2019-03-06-15-21-43-590	2512	0	0	1841.0	132.0

2019-03-06-15-21-43-680	2513	0	1	1841.0	132.0

2019-03-06-15-21-43-846	2514	0	0	1843.0	128.0

2019-03-06-15-21-43-912	2515	0	1	1843.0	128.0

2019-03-06-15-21-44-090	2516	0	0	1846.0	128.0

2019-03-06-15-21-44-179	2517	0	1	1846.0	128.0

2019-03-06-15-21-44-345	2518	0	0	1863.0	124.0

2019-03-06-15-21-44-490	2519	0	1	1863.0	124.0

2019-03-06-15-21-45-813	2520	0	0	156.0	149.0

2019-03-06-15-21-46-025	2521	0	1	131.0	149.0

2019-03-06-15-21-46-170	2522	0	0	79.0	148.0

2019-03-06-15-21-46-347	2523	0	1	79.0	148.0

2019-03-06-15-21-46-469	2524	0	0	58.0	113.0

2019-03-06-15-21-46-625	2525	0	1	58.0	113.0

2019-03-06-15-21-46-746	2526	0	0	47.0	94.0

2019-03-06-15-21-46-847	2527	0	1	47.0	94.0

2019-03-06-15-21-47-025	2528	0	0	39.0	88.0

2019-03-06-15-21-47-146	2529	0	1	46.0	92.0

2019-03-06-15-21-47-269	2530	0	0	55.0	103.0

2019-03-06-15-21-47-402	2531	0	1	55.0	103.0

2019-03-06-15-21-47-557	2532	0	0	62.0	91.0

2019-03-06-15-21-47-702	2533	0	1	62.0	91.0

2019-03-06-15-21-47-847	2534	0	0	39.0	82.0

2019-03-06-15-21-48-102	2535	0	1	47.0	88.0

2019-03-06-15-21-48-169	2536	0	0	31.0	68.0

2019-03-06-15-21-48-380	2537	0	1	33.0	68.0

2019-03-06-15-21-48-747	2538	0	0	1853.0	99.0

2019-03-06-15-21-48-858	2539	0	1	1853.0	99.0

2019-03-06-15-21-49-983	2540	0	0	1919.0	842.0

2019-03-06-15-21-50-037	2541	0	1	1919.0	842.0

2019-03-06-15-21-50-869	2542	0	0	1919.0	89.0

2019-03-06-15-21-50-992	2543	0	1	1917.0	96.0

2019-03-06-15-21-51-136	2544	0	0	1919.0	86.0

2019-03-06-15-21-51-226	2545	0	1	1919.0	86.0

2019-03-06-15-21-51-424	2546	0	0	1919.0	57.0

2019-03-06-15-21-51-481	2547	0	1	1919.0	57.0

2019-03-06-15-21-51-713	2548	0	0	23.0	100.0

2019-03-06-15-21-51-849	2549	0	1	23.0	100.0

2019-03-06-15-21-52-013	2550	0	0	72.0	131.0

2019-03-06-15-21-52-157	2551	0	1	72.0	131.0

2019-03-06-15-21-52-315	2552	0	0	99.0	144.0

2019-03-06-15-21-52-358	2553	0	1	99.0	144.0

2019-03-06-15-21-52-470	2554	0	0	133.0	204.0

2019-03-06-15-21-52-624	2555	0	1	133.0	204.0

2019-03-06-15-21-52-913	2556	0	0	1919.0	90.0

2019-03-06-15-21-53-001	2557	0	1	1919.0	90.0

2019-03-06-15-21-53-168	2558	0	0	1919.0	90.0

2019-03-06-15-21-53-257	2559	0	1	1919.0	90.0

2019-03-06-15-21-53-379	2560	0	0	1919.0	91.0

2019-03-06-15-21-53-456	2561	0	1	1919.0	91.0

2019-03-06-15-21-53-723	2562	0	0	1919.0	80.0

2019-03-06-15-21-53-812	2563	0	1	1919.0	80.0

2019-03-06-15-21-53-968	2564	0	0	1918.0	110.0

2019-03-06-15-21-54-057	2565	0	1	1918.0	110.0

2019-03-06-15-21-54-213	2566	0	0	1917.0	96.0

2019-03-06-15-21-54-290	2567	0	1	1917.0	96.0

2019-03-06-15-21-54-512	2568	0	0	1861.0	85.0

2019-03-06-15-21-54-612	2569	0	1	1861.0	85.0

2019-03-06-15-21-54-779	2570	0	0	1910.0	75.0

2019-03-06-15-21-54-857	2571	0	1	1910.0	75.0

2019-03-06-15-21-55-057	2572	0	0	1879.0	78.0

2019-03-06-15-21-55-168	2573	0	1	1879.0	78.0

2019-03-06-15-21-55-324	2574	0	0	1900.0	68.0

2019-03-06-15-21-55-423	2575	0	1	1900.0	68.0

2019-03-06-15-21-55-626	2576	0	0	84.0	36.0

2019-03-06-15-21-55-768	2577	0	1	82.0	60.045837

2019-03-06-15-21-55-913	2578	0	0	65.0	54.0

2019-03-06-15-21-56-046	2579	0	1	65.0	54.0

2019-03-06-15-21-56-157	2580	0	0	64.0	70.0

2019-03-06-15-21-56-290	2581	0	1	64.0	70.0

2019-03-06-15-21-56-436	2582	0	0	68.0	60.0

2019-03-06-15-21-56-558	2583	0	1	68.0	60.0

2019-03-06-15-21-56-724	2584	0	0	79.0	76.0

2019-03-06-15-21-56-835	2585	0	1	79.0	76.0

2019-03-06-15-21-56-890	2586	0	0	1919.0	75.0

2019-03-06-15-21-56-990	2587	0	1	1919.0	75.0

2019-03-06-15-21-57-112	2588	0	0	1899.0	67.0

2019-03-06-15-21-57-202	2589	0	1	1899.0	67.0

2019-03-06-15-21-57-346	2590	0	0	1914.0	82.0

2019-03-06-15-21-57-390	2591	0	1	1914.0	82.0

2019-03-06-15-21-57-535	2592	0	0	1877.0	97.0

2019-03-06-15-21-57-601	2593	0	1	1877.0	97.0

2019-03-06-15-21-57-813	2594	0	0	86.0	65.0

2019-03-06-15-21-57-953	2595	0	1	86.0	65.0

2019-03-06-15-21-58-079	2596	0	0	87.0	75.0

2019-03-06-15-21-58-246	2597	0	1	92.0	101.0

2019-03-06-15-21-58-356	2598	0	0	71.0	62.0

2019-03-06-15-21-58-447	2599	0	1	71.0	62.0

2019-03-06-15-21-58-957	2600	0	0	1891.0	108.0

2019-03-06-15-21-59-068	2601	0	1	1891.0	108.0

2019-03-06-15-21-59-190	2602	0	0	79.0	78.0

2019-03-06-15-21-59-280	2603	0	1	79.0	78.0

2019-03-06-15-21-59-480	2604	0	0	86.0	105.0

2019-03-06-15-21-59-602	2605	0	1	86.0	105.0

2019-03-06-15-21-59-824	2606	0	0	1538.0	557.0

2019-03-06-15-21-59-957	2607	0	1	1538.0	557.0

2019-03-06-15-22-00-580	2608	0	0	1484.0	584.0

2019-03-06-15-22-00-703	2609	0	1	1495.0	581.0

2019-03-06-15-22-00-824	2610	0	0	80.0	62.0

2019-03-06-15-22-00-969	2611	0	1	80.0	62.0

2019-03-06-15-22-01-124	2612	0	0	1888.0	146.0

2019-03-06-15-22-01-235	2613	0	1	1888.0	146.0

2019-03-06-15-22-01-638	2614	0	0	1283.0	452.0

2019-03-06-15-22-01-758	2615	0	1	1283.0	452.0

2019-03-06-15-22-02-180	2616	0	0	1404.0	448.0

2019-03-06-15-22-02-291	2617	0	1	1404.0	448.0

2019-03-06-15-22-02-603	2618	0	0	1364.0	416.0

2019-03-06-15-22-02-680	2619	0	1	1364.0	416.0

2019-03-06-15-22-02-980	2620	0	0	1432.0	427.0

2019-03-06-15-22-03-092	2621	0	1	1432.0	427.0

2019-03-06-15-22-03-836	2622	0	0	1384.0	427.0

2019-03-06-15-22-03-971	2623	0	1	1397.0	437.0

2019-03-06-15-22-04-259	2624	0	0	1438.0	414.0

2019-03-06-15-22-04-359	2625	0	1	1438.0	414.0

2019-03-06-15-22-04-692	2626	0	0	1391.0	356.0

2019-03-06-15-22-04-814	2627	0	1	1391.0	356.0

2019-03-06-15-22-05-014	2628	0	0	1389.0	391.0

2019-03-06-15-22-05-071	2629	0	1	1389.0	391.0

2019-03-06-15-22-06-204	2630	0	0	1430.0	434.0

2019-03-06-15-22-06-338	2631	0	1	1430.0	434.0

2019-03-06-15-22-06-703	2632	0	0	1462.0	430.0

2019-03-06-15-22-06-785	2633	0	1	1462.0	430.0

2019-03-06-15-22-07-214	2634	0	0	1465.0	414.0

2019-03-06-15-22-07-349	2635	0	1	1465.0	414.0

2019-03-06-15-22-07-626	2636	0	0	1455.0	349.0

2019-03-06-15-22-07-770	2637	0	1	1455.0	349.0

2019-03-06-15-22-08-038	2638	0	0	1424.0	296.0

2019-03-06-15-22-08-188	2639	0	1	1424.0	296.0

2019-03-06-15-22-08-569	2640	0	0	1421.0	337.0

2019-03-06-15-22-08-736	2641	0	1	1418.0	339.0

2019-03-06-15-22-09-259	2642	0	0	1755.0	404.0

2019-03-06-15-22-09-404	2643	0	1	1754.0	411.0

2019-03-06-15-22-10-036	2644	0	0	1569.0	569.0

2019-03-06-15-22-10-148	2645	0	1	1569.0	569.0

2019-03-06-15-22-10-281	2646	0	0	429.0	629.0

2019-03-06-15-22-10-459	2647	0	1	429.0	629.0

2019-03-06-15-22-10-515	2648	0	0	1739.0	473.0

2019-03-06-15-22-10-594	2649	0	1	1739.0	473.0

2019-03-06-15-22-10-692	2650	0	0	427.0	631.0

2019-03-06-15-22-10-821	2651	0	1	427.0	631.0

2019-03-06-15-22-10-903	2652	0	0	1517.0	474.0

2019-03-06-15-22-11-001	2653	0	1	1481.0	494.0

2019-03-06-15-22-11-034	2654	0	0	498.0	685.0

2019-03-06-15-22-11-130	2655	0	1	498.0	685.0

2019-03-06-15-22-11-179	2656	0	0	1442.0	514.0

2019-03-06-15-22-11-250	2657	0	1	1442.0	514.0

2019-03-06-15-22-11-272	2658	0	0	639.0	694.0

2019-03-06-15-22-11-367	2659	0	1	639.0	694.0

2019-03-06-15-22-11-522	2660	0	0	1569.0	275.0

2019-03-06-15-22-11-531	2661	0	5	705.0	637.0

2019-03-06-15-22-11-596	2662	0	6	1569.0	275.0

2019-03-06-15-22-11-612	2663	0	1	705.0	637.0

2019-03-06-15-22-11-844	2664	0	0	1915.0	268.0

2019-03-06-15-22-11-943	2665	0	1	1915.0	268.0

2019-03-06-15-22-12-044	2666	0	0	30.0	183.0

2019-03-06-15-22-12-199	2667	0	1	30.0	185.0

2019-03-06-15-22-12-445	2668	0	0	1518.0	470.0

2019-03-06-15-22-12-556	2669	0	1	1518.0	470.0

2019-03-06-15-22-13-091	2670	0	0	1428.0	569.0

2019-03-06-15-22-13-223	2671	0	1	1428.0	569.0

2019-03-06-15-22-13-693	2672	0	0	1492.0	572.0

2019-03-06-15-22-13-747	2673	0	1	1492.0	572.0

2019-03-06-15-22-15-549	2674	0	0	1457.0	499.0

2019-03-06-15-22-15-605	2675	0	1	1457.0	499.0

2019-03-06-15-22-15-960	2676	0	0	1517.0	414.0

2019-03-06-15-22-16-048	2677	0	1	1517.0	414.0

2019-03-06-15-22-16-749	2678	0	0	1516.0	458.0

2019-03-06-15-22-16-870	2679	0	1	1515.0	475.0

2019-03-06-15-22-35-006	2680	0	0	1546.0	374.0

2019-03-06-15-22-35-095	2681	0	1	1546.0	374.0

2019-03-06-15-22-36-516	2682	0	0	1378.0	409.0

2019-03-06-15-22-36-645	2683	0	1	1378.0	409.0

2019-03-06-15-22-37-215	2684	0	0	1208.0	378.0

2019-03-06-15-22-37-350	2685	0	1	1208.0	378.0

2019-03-06-15-22-37-849	2686	0	0	1814.0	162.0

2019-03-06-15-22-37-927	2687	0	1	1814.0	162.0

2019-03-06-15-22-38-538	2688	0	0	1488.0	401.0

2019-03-06-15-22-38-627	2689	0	1	1488.0	401.0

2019-03-06-15-22-38-993	2690	0	0	1734.0	393.0

2019-03-06-15-22-39-059	2691	0	1	1734.0	393.0

2019-03-06-15-22-39-326	2692	0	0	1467.0	464.0

2019-03-06-15-22-39-426	2693	0	1	1484.0	473.0

2019-03-06-15-22-40-571	2694	0	0	1520.0	450.0

2019-03-06-15-22-40-629	2695	0	1	1520.0	450.0

2019-03-06-15-22-42-105	2696	0	0	1553.0	412.0

2019-03-06-15-22-42-206	2697	0	1	1553.0	412.0

2019-03-06-15-22-44-130	2698	0	0	1506.0	444.0

2019-03-06-15-22-44-240	2699	0	1	1506.0	444.0

2019-03-06-15-22-47-373	2700	0	0	1543.0	416.0

2019-03-06-15-22-47-518	2701	0	1	1543.0	416.0

2019-03-06-15-22-48-750	2702	0	0	1558.0	388.0

2019-03-06-15-22-48-829	2703	0	1	1558.0	388.0

2019-03-06-15-22-49-818	2704	0	0	1555.0	431.0

2019-03-06-15-22-49-917	2705	0	1	1555.0	431.0

2019-03-06-15-22-50-463	2706	0	0	1553.0	416.0

2019-03-06-15-22-50-582	2707	0	1	1553.0	416.0

2019-03-06-15-24-38-122	2708	0	0	1354.0	389.0

2019-03-06-15-24-38-155	2709	0	1	1354.0	389.0

2019-03-06-15-24-38-344	2710	0	0	1364.0	374.0

2019-03-06-15-24-38-455	2711	0	1	1364.0	374.0

2019-03-06-15-24-38-598	2712	0	0	573.0	426.0

2019-03-06-15-24-38-743	2713	0	1	587.0	476.0

2019-03-06-15-24-38-854	2714	0	0	1236.0	382.0

2019-03-06-15-24-38-910	2715	0	1	1236.0	382.0

2019-03-06-15-24-38-987	2716	0	0	586.0	376.0

2019-03-06-15-24-39-097	2717	0	1	586.0	376.0

2019-03-06-15-24-57-889	2718	0	0	1397.0	357.0

2019-03-06-15-24-57-983	2719	0	1	1397.0	357.0

2019-03-06-15-24-59-045	2720	0	0	1387.0	352.0

2019-03-06-15-24-59-123	2721	0	1	1387.0	352.0

2019-03-06-15-24-59-644	2722	0	0	1207.0	359.0

2019-03-06-15-24-59-766	2723	0	1	1207.0	359.0

2019-03-06-15-25-00-310	2724	0	0	968.0	381.0

2019-03-06-15-25-00-473	2725	0	1	971.0	379.0

2019-03-06-15-25-01-310	2726	0	0	1533.0	341.0

2019-03-06-15-25-01-394	2727	0	1	1533.0	341.0

2019-03-06-15-25-01-699	2728	0	0	1045.0	319.0

2019-03-06-15-25-01-821	2729	0	1	1036.0	347.0

2019-03-06-15-25-02-043	2730	0	0	755.0	361.0

2019-03-06-15-25-02-172	2731	0	1	755.0	361.0

2019-03-06-15-25-02-376	2732	0	0	629.0	375.0

2019-03-06-15-25-02-476	2733	0	1	629.0	375.0

2019-03-06-15-25-03-209	2734	0	0	1263.0	349.0

2019-03-06-15-25-03-226	2735	0	1	1263.0	349.0

2019-03-06-15-25-03-665	2736	0	0	880.0	328.0

2019-03-06-15-25-03-798	2737	0	1	880.0	328.0

2019-03-06-15-29-54-497	2738	0	0	1345.0	363.0

2019-03-06-15-29-54-620	2739	0	1	1345.0	363.0

2019-03-06-15-30-28-643	2740	0	0	1319.0	381.0

2019-03-06-15-30-28-720	2741	0	1	1319.0	381.0

2019-03-06-15-30-28-843	2742	0	0	1373.0	396.0

2019-03-06-15-30-28-903	2743	0	1	1373.0	396.0

2019-03-06-15-30-29-376	2744	0	0	1296.0	632.0

2019-03-06-15-30-29-443	2745	0	1	1296.0	632.0

2019-03-06-15-30-29-609	2746	0	0	1377.0	613.0

2019-03-06-15-30-29-654	2747	0	1	1377.0	613.0

2019-03-06-15-30-29-947	2748	0	0	1163.0	322.0

2019-03-06-15-30-30-021	2749	0	1	1167.0	330.0

2019-03-06-15-30-30-175	2750	0	0	1186.0	363.0

2019-03-06-15-30-30-243	2751	0	1	1186.0	363.0

2019-03-06-15-30-30-420	2752	0	0	1349.0	356.0

2019-03-06-15-30-30-452	2753	0	1	1349.0	356.0

2019-03-06-15-30-30-875	2754	0	0	1323.0	618.0

2019-03-06-15-30-30-942	2755	0	1	1323.0	618.0

2019-03-06-15-30-31-175	2756	0	0	1167.0	626.0

2019-03-06-15-30-31-253	2757	0	1	1167.0	626.0

2019-03-06-15-30-31-453	2758	0	0	1169.0	374.0

2019-03-06-15-30-31-542	2759	0	1	1169.0	374.0

2019-03-06-15-30-31-754	2760	0	0	1351.0	352.0

2019-03-06-15-30-31-810	2761	0	1	1351.0	352.0

2019-03-06-15-30-32-076	2762	0	0	1141.0	529.0

2019-03-06-15-30-32-163	2763	0	1	1141.0	529.0

2019-03-06-15-30-32-342	2764	0	0	1187.0	647.0

2019-03-06-15-30-32-409	2765	0	1	1187.0	647.0

2019-03-06-15-30-32-643	2766	0	0	1319.0	465.0

2019-03-06-15-30-32-742	2767	0	1	1336.0	441.0

2019-03-06-15-30-32-919	2768	0	0	1300.0	404.0

2019-03-06-15-30-32-996	2769	0	1	1300.0	404.0

2019-03-06-15-30-33-163	2770	0	0	1112.0	368.0

2019-03-06-15-30-33-231	2771	0	1	1112.0	368.0

2019-03-06-15-30-33-386	2772	0	0	1151.0	485.0

2019-03-06-15-30-33-430	2773	0	1	1152.0	493.0

2019-03-06-15-30-33-641	2774	0	0	1183.0	669.0

2019-03-06-15-30-33-697	2775	0	1	1183.0	669.0

2019-03-06-15-30-33-930	2776	0	0	1316.0	457.0

2019-03-06-15-30-34-019	2777	0	1	1321.0	424.0

2019-03-06-15-30-34-186	2778	0	0	1271.0	428.0

2019-03-06-15-30-34-210	2779	0	1	1271.0	428.0

2019-03-06-15-32-06-418	2780	0	0	1391.0	431.0

2019-03-06-15-32-06-469	2781	0	1	1391.0	422.0

2019-03-06-15-32-06-980	2782	0	0	1195.0	389.0

2019-03-06-15-32-07-058	2783	0	1	1195.0	389.0

2019-03-06-15-32-07-469	2784	0	0	1705.0	123.0

2019-03-06-15-32-07-525	2785	0	1	1705.0	123.0

2019-03-06-15-32-07-823	2786	0	0	1146.0	394.0

2019-03-06-15-32-07-868	2787	0	1	1146.0	394.0

2019-03-06-15-32-08-335	2788	0	0	1554.0	395.0

2019-03-06-15-32-08-360	2789	0	1	1558.2823	387.50583

2019-03-06-15-32-08-735	2790	0	0	1205.0	571.0

2019-03-06-15-32-08-792	2791	0	1	1205.0	571.0

2019-03-06-15-32-08-935	2792	0	0	1156.0	646.0

2019-03-06-15-32-09-013	2793	0	1	1156.0	646.0

2019-03-06-15-32-09-281	2794	0	0	1128.0	885.0

2019-03-06-15-32-09-306	2795	0	1	1128.0	885.0

2019-03-06-15-32-09-502	2796	0	0	1049.0	854.0

2019-03-06-15-32-09-557	2797	0	1	1049.0	854.0

2019-03-06-15-32-09-800	2798	0	0	1378.0	473.0

2019-03-06-15-32-09-846	2799	0	1	1386.0	456.0

2019-03-06-15-32-10-046	2800	0	0	1612.0	258.0

2019-03-06-15-32-10-092	2801	0	1	1612.0	258.0

2019-03-06-15-32-10-245	2802	0	0	1628.0	107.0

2019-03-06-15-32-10-292	2803	0	1	1628.0	107.0

2019-03-06-15-32-10-557	2804	0	0	1073.0	430.0

2019-03-06-15-32-10-623	2805	0	1	1074.0	446.0

2019-03-06-15-32-10-760	2806	0	0	1158.0	426.0

2019-03-06-15-32-10-821	2807	0	1	1158.0	426.0

2019-03-06-15-32-11-100	2808	0	0	1162.0	867.0

2019-03-06-15-32-11-156	2809	0	1	1162.0	867.0

2019-03-06-15-32-11-379	2810	0	0	1424.0	326.0

2019-03-06-15-32-11-463	2811	0	1	1443.0	304.0

2019-03-06-15-32-11-656	2812	0	0	1620.0	156.0

2019-03-06-15-32-11-712	2813	0	1	1620.0	156.0

2019-03-06-15-32-11-878	2814	0	0	1824.0	119.0

2019-03-06-15-32-11-933	2815	0	1	1824.0	119.0

2019-03-06-15-32-12-222	2816	0	0	1304.0	364.0

2019-03-06-15-32-12-311	2817	0	1	1304.0	364.0

2019-03-06-15-32-12-457	2818	0	0	1095.0	423.0

2019-03-06-15-32-12-551	2819	0	1	1075.0	452.0

2019-03-06-15-32-13-046	2820	0	0	1127.0	842.0

2019-03-06-15-32-13-145	2821	0	1	1127.0	842.0

2019-03-06-15-32-13-410	2822	0	0	1185.0	479.0

2019-03-06-15-32-13-494	2823	0	1	1185.0	479.0

2019-03-06-15-32-13-633	2824	0	0	1271.0	401.0

2019-03-06-15-32-13-679	2825	0	1	1271.0	401.0

2019-03-06-15-32-21-021	2826	0	0	1238.0	385.0

2019-03-06-15-32-21-115	2827	0	1	1238.0	385.0

2019-03-06-15-32-21-276	2828	0	0	1260.0	417.0

2019-03-06-15-32-21-332	2829	0	1	1260.0	417.0

2019-03-06-15-32-28-440	2830	0	0	1416.0	373.0

2019-03-06-15-32-28-540	2831	0	1	1416.0	373.0

2019-03-06-15-32-28-673	2832	0	0	1453.0	393.0

2019-03-06-15-32-28-773	2833	0	1	1453.0	393.0

2019-03-06-15-32-28-985	2834	0	0	1520.0	586.0

2019-03-06-15-32-29-056	2835	0	1	1520.0	586.0

2019-03-06-15-32-29-195	2836	0	0	1490.0	580.0

2019-03-06-15-32-29-262	2837	0	1	1489.0	573.0

2019-03-06-15-32-29-384	2838	0	0	1478.0	397.0

2019-03-06-15-32-29-450	2839	0	1	1478.0	397.0

2019-03-06-15-32-32-329	2840	0	0	1562.0	196.0

2019-03-06-15-32-32-478	2841	0	1	1562.0	196.0

2019-03-06-15-32-32-595	2842	0	0	1634.0	141.0

2019-03-06-15-32-32-642	2843	0	1	1634.0	141.0

2019-03-06-15-32-32-860	2844	0	0	1764.0	141.0

2019-03-06-15-32-32-905	2845	0	1	1764.0	141.0

2019-03-06-15-32-33-217	2846	0	0	1494.0	400.0

2019-03-06-15-32-33-294	2847	0	1	1494.0	400.0

2019-03-06-15-32-33-418	2848	0	0	1499.0	426.0

2019-03-06-15-32-33-494	2849	0	1	1499.0	426.0

2019-03-06-15-33-10-005	2850	0	0	1491.0	407.0

2019-03-06-15-33-10-072	2851	0	1	1491.0	407.0

2019-03-06-15-33-10-583	2852	0	0	1363.0	616.0

2019-03-06-15-33-10-672	2853	0	1	1363.0	616.0

2019-03-06-15-33-10-839	2854	0	0	1390.0	680.0

2019-03-06-15-33-10-906	2855	0	1	1390.0	680.0

2019-03-06-15-33-11-115	2856	0	0	1581.0	272.0

2019-03-06-15-33-11-221	2857	0	1	1581.0	272.0

2019-03-06-15-33-11-371	2858	0	0	1705.0	205.0

2019-03-06-15-33-11-438	2859	0	1	1715.0	198.0

2019-03-06-15-33-11-938	2860	0	0	1479.0	612.0

2019-03-06-15-33-12-061	2861	0	1	1479.0	612.0

2019-03-06-15-33-12-205	2862	0	0	1502.0	528.0

2019-03-06-15-33-12-261	2863	0	1	1502.0	528.0

2019-03-06-15-33-12-459	2864	0	0	1614.0	312.0

2019-03-06-15-33-12-538	2865	0	1	1614.0	312.0

2019-03-06-15-33-12-749	2866	0	0	1683.0	267.0

2019-03-06-15-33-12-864	2867	0	1	1683.0	267.0

2019-03-06-15-33-13-027	2868	0	0	1682.0	212.0

2019-03-06-15-33-13-118	2869	0	1	1682.0	212.0

2019-03-06-15-33-13-349	2870	0	0	1431.0	584.0

2019-03-06-15-33-13-449	2871	0	1	1431.0	584.0

2019-03-06-15-33-13-604	2872	0	0	1399.0	671.0

2019-03-06-15-33-13-671	2873	0	1	1399.0	671.0

2019-03-06-15-33-14-094	2874	0	0	1395.0	749.0

2019-03-06-15-33-14-150	2875	0	1	1395.0	749.0

2019-03-06-15-33-14-304	2876	0	0	1317.0	782.0

2019-03-06-15-33-14-397	2877	0	1	1317.0	782.0

2019-03-06-15-33-14-594	2878	0	0	1437.0	503.0

2019-03-06-15-33-14-655	2879	0	1	1511.5697	408.08148

2019-03-06-15-33-14-837	2880	0	0	1778.0	231.0

2019-03-06-15-33-14-893	2881	0	1	1778.0	231.0

2019-03-06-15-33-15-026	2882	0	0	1811.0	178.0

2019-03-06-15-33-15-082	2883	0	1	1811.0	178.0

2019-03-06-15-33-15-360	2884	0	0	1506.0	545.0

2019-03-06-15-33-15-384	2885	0	1	1506.0	545.0

2019-03-06-15-33-15-561	2886	0	0	1491.0	521.0

2019-03-06-15-33-15-586	2887	0	1	1491.0	521.0

2019-03-06-15-33-16-204	2888	0	0	1541.0	330.0

2019-03-06-15-33-16-292	2889	0	1	1541.0	330.0

2019-03-06-15-33-16-480	2890	0	0	1569.0	357.0

2019-03-06-15-33-16-537	2891	0	1	1569.0	357.0

2019-03-06-15-33-17-048	2892	0	0	1310.0	606.0

2019-03-06-15-33-17-154	2893	0	1	1303.0	622.0

2019-03-06-15-33-17-292	2894	0	0	1266.0	687.0

2019-03-06-15-33-17-380	2895	0	1	1266.0	687.0

2019-03-06-15-33-17-580	2896	0	0	1390.0	519.0

2019-03-06-15-33-17-671	2897	0	1	1396.0	510.0

2019-03-06-15-33-17-881	2898	0	0	1739.0	160.0

2019-03-06-15-33-17-981	2899	0	1	1739.0	160.0

2019-03-06-15-33-18-159	2900	0	0	1658.0	188.0

2019-03-06-15-33-18-244	2901	0	1	1658.0	188.0

2019-03-06-15-33-18-559	2902	0	0	1320.0	625.0

2019-03-06-15-33-18-650	2903	0	1	1320.0	625.0

2019-03-06-15-33-18-802	2904	0	0	1364.0	566.0

2019-03-06-15-33-18-881	2905	0	1	1364.0	566.0

2019-03-06-15-33-19-035	2906	0	0	1457.0	516.0

2019-03-06-15-33-19-103	2907	0	1	1457.0	516.0

2019-03-06-15-33-19-313	2908	0	0	1282.0	458.0

2019-03-06-15-33-19-380	2909	0	1	1282.0	458.0

2019-03-06-15-33-19-536	2910	0	0	1280.0	500.0

2019-03-06-15-33-19-602	2911	0	1	1280.0	500.0

2019-03-06-15-33-20-013	2912	0	0	1154.0	720.0

2019-03-06-15-33-20-119	2913	0	1	1154.0	720.0

2019-03-06-15-33-20-269	2914	0	0	1198.0	697.0

2019-03-06-15-33-20-335	2915	0	1	1226.3647	679.9812

2019-03-06-15-33-20-515	2916	0	0	1398.0	639.0

2019-03-06-15-33-20-575	2917	0	1	1398.0	639.0

2019-03-06-15-33-20-734	2918	0	0	1505.0	457.0

2019-03-06-15-33-20-803	2919	0	1	1505.0	457.0

2019-03-06-15-33-20-969	2920	0	0	1603.0	306.0

2019-03-06-15-33-21-002	2921	0	1	1603.0	306.0

2019-03-06-15-33-27-466	2922	0	0	1509.0	380.0

2019-03-06-15-33-27-622	2923	0	1	1514.0	378.0

2019-03-06-15-33-27-756	2924	0	0	1515.0	358.0

2019-03-06-15-33-27-834	2925	0	1	1515.0	358.0

2019-03-06-15-33-27-991	2926	0	0	1507.0	383.0

2019-03-06-15-33-28-111	2927	0	1	1507.0	383.0

2019-03-06-15-33-28-299	2928	0	0	1397.0	443.0

2019-03-06-15-33-28-456	2929	0	1	1397.0	443.0

2019-03-06-15-33-28-545	2930	0	0	1453.0	435.0

2019-03-06-15-33-28-656	2931	0	1	1453.0	435.0

2019-03-06-15-33-28-755	2932	0	0	1540.0	389.0

2019-03-06-15-33-28-844	2933	0	1	1540.0	389.0

2019-03-06-15-33-29-455	2934	0	0	1515.0	399.0

2019-03-06-15-33-29-634	2935	0	1	1496.0	438.0

2019-03-06-15-33-29-754	2936	0	0	1510.0	441.0

2019-03-06-15-33-29-858	2937	0	1	1510.0	441.0

2019-03-06-15-33-30-055	2938	0	0	1527.0	410.0

2019-03-06-15-33-30-166	2939	0	1	1527.0	410.0

2019-03-06-15-33-30-332	2940	0	0	1507.0	454.0

2019-03-06-15-33-30-366	2941	0	1	1507.0	454.0

2019-03-06-15-33-30-622	2942	0	0	1326.0	700.0

2019-03-06-15-33-30-716	2943	0	1	1326.0	700.0

2019-03-06-15-33-30-843	2944	0	0	1353.0	666.0

2019-03-06-15-33-30-913	2945	0	1	1353.0	666.0

2019-03-06-15-33-31-066	2946	0	0	1550.0	459.0

2019-03-06-15-33-31-161	2947	0	1	1588.0	439.0

2019-03-06-15-33-31-277	2948	0	0	1605.0	413.0

2019-03-06-15-33-31-366	2949	0	1	1586.0	425.0

2019-03-06-15-33-39-308	2950	0	0	1529.0	367.0

2019-03-06-15-33-39-396	2951	0	1	1529.0	367.0

2019-03-06-15-33-39-618	2952	0	0	1266.0	458.0

2019-03-06-15-33-39-698	2953	0	1	1266.0	458.0

2019-03-06-15-33-39-830	2954	0	0	1208.0	509.0

2019-03-06-15-33-39-890	2955	0	1	1208.0	509.0

2019-03-06-15-33-40-031	2956	0	0	1216.0	491.0

2019-03-06-15-33-40-077	2957	0	1	1216.0	491.0

2019-03-06-15-33-50-828	2958	0	0	1278.0	359.0

2019-03-06-15-33-50-922	2959	0	1	1278.0	359.0

2019-03-06-15-33-51-007	2960	0	0	1303.0	361.0

2019-03-06-15-33-51-126	2961	0	1	1309.0	369.0

2019-03-06-15-33-51-226	2962	0	0	1268.0	548.0

2019-03-06-15-33-51-349	2963	0	1	1203.0	594.0

2019-03-06-15-33-51-498	2964	0	0	1200.0	616.0

2019-03-06-15-33-51-544	2965	0	1	1200.0	616.0

