2019-03-06-16-31-46-121	10666	0	0	833.0	486.0

2019-03-06-16-31-46-212	10667	0	1	833.0	486.0

2019-03-06-16-31-46-465	10668	0	0	1140.0	550.0

2019-03-06-16-31-46-636	10669	0	1	1140.0	550.0

2019-03-06-16-31-47-057	10670	0	0	787.0	479.0

2019-03-06-16-31-47-151	10671	0	1	787.0	479.0

2019-03-06-16-31-47-495	10672	0	0	1139.0	494.0

2019-03-06-16-31-47-660	10673	0	1	1139.0	494.0

2019-03-06-16-31-49-127	10674	0	0	1200.0	541.0

2019-03-06-16-31-49-287	10675	0	1	1193.0	538.0

2019-03-06-16-31-49-525	10676	0	0	803.0	479.0

2019-03-06-16-31-49-696	10677	0	1	805.0	464.0

2019-03-06-16-31-49-935	10678	0	0	1101.0	442.0

2019-03-06-16-31-50-171	10679	0	1	1104.0	442.0

2019-03-06-16-31-50-566	10680	0	0	1096.0	467.0

2019-03-06-16-31-50-661	10681	0	1	1096.0	467.0

2019-03-06-16-31-50-828	10682	0	0	842.0	659.0

2019-03-06-16-31-50-915	10683	0	1	842.0	659.0

2019-03-06-16-31-51-305	10684	0	0	831.0	721.0

2019-03-06-16-31-51-388	10685	0	1	831.0	721.0

2019-03-06-16-31-51-471	10686	0	0	1137.0	476.0

2019-03-06-16-31-51-555	10687	0	1	1137.0	476.0

2019-03-06-16-31-51-880	10688	0	0	757.0	505.0

2019-03-06-16-31-52-033	10689	0	1	757.0	505.0

2019-03-06-16-31-52-191	10690	0	0	1173.0	498.0

2019-03-06-16-31-52-348	10691	0	1	1173.0	498.0

2019-03-06-16-31-52-584	10692	0	0	744.0	461.0

2019-03-06-16-31-52-667	10693	0	1	744.0	461.0

2019-03-06-16-31-52-754	10694	0	0	1188.0	516.0

2019-03-06-16-31-52-840	10695	0	1	1188.0	516.0

2019-03-06-16-31-52-926	10696	0	0	551.0	444.0

2019-03-06-16-31-53-013	10697	0	1	551.0	444.0

2019-03-06-16-31-53-021	10698	0	0	1331.0	443.0

2019-03-06-16-31-53-109	10699	0	1	1333.0	450.0

2019-03-06-16-31-53-347	10700	0	0	239.0	323.0

2019-03-06-16-31-53-430	10701	0	1	239.0	323.0

2019-03-06-16-31-53-664	10702	0	0	101.0	252.0

2019-03-06-16-31-53-977	10703	0	1	101.0	252.0

2019-03-06-16-31-54-292	10704	0	0	317.0	259.0

2019-03-06-16-31-54-452	10705	0	1	317.0	259.0

2019-03-06-16-31-54-538	10706	0	0	1446.0	363.0

2019-03-06-16-31-54-701	10707	0	1	1446.0	366.0

2019-03-06-16-31-55-098	10708	0	0	582.0	415.0

2019-03-06-16-31-55-189	10709	0	5	1388.0	408.0

2019-03-06-16-31-55-197	10710	0	6	582.0	415.0

2019-03-06-16-31-55-291	10711	0	1	1388.0	414.0

2019-03-06-16-31-55-539	10712	0	0	565.0	435.0

2019-03-06-16-31-55-547	10713	0	5	1384.0	410.0

2019-03-06-16-31-55-637	10714	0	6	565.0	435.0

2019-03-06-16-31-55-645	10715	0	1	1384.0	416.0039

