2019-03-06-16-35-45-459	10774	0	0	681.0	475.0

2019-03-06-16-35-45-607	10775	0	1	681.0	484.0

2019-03-06-16-35-45-693	10776	0	0	1125.0	501.0

2019-03-06-16-35-45-779	10777	0	1	1125.0	501.0

2019-03-06-16-35-46-209	10778	0	0	675.0	442.0

2019-03-06-16-35-46-362	10779	0	1	675.0	442.0

2019-03-06-16-35-46-655	10780	0	0	1093.0	419.0

2019-03-06-16-35-46-805	10781	0	1	1093.0	419.0

2019-03-06-16-35-47-160	10782	0	0	492.0	501.0

2019-03-06-16-35-47-304	10783	0	1	492.0	501.0

2019-03-06-16-35-47-620	10784	0	0	1482.0	405.0

2019-03-06-16-35-47-703	10785	0	5	313.0	507.0

2019-03-06-16-35-47-712	10786	0	6	313.0	507.0

2019-03-06-16-35-47-792	10787	0	1	1480.0	411.0

2019-03-06-16-35-48-012	10788	0	0	288.0	514.0

2019-03-06-16-35-48-158	10789	0	1	288.0	514.0

2019-03-06-16-35-48-378	10790	0	0	140.0	490.0

2019-03-06-16-35-48-529	10791	0	1	140.0	490.0

2019-03-06-16-35-48-750	10792	0	0	113.0	474.0

2019-03-06-16-35-48-894	10793	0	1	113.0	474.0

2019-03-06-16-35-49-039	10794	0	0	146.0	449.0

2019-03-06-16-35-49-183	10795	0	1	146.0	449.0

2019-03-06-16-35-49-398	10796	0	0	147.0	411.0

2019-03-06-16-35-49-616	10797	0	1	147.0	411.0

2019-03-06-16-35-49-766	10798	0	0	147.0	431.0

2019-03-06-16-35-49-915	10799	0	1	147.0	431.0

2019-03-06-16-35-50-060	10800	0	0	55.0	292.0

2019-03-06-16-35-50-281	10801	0	1	52.0	292.0

2019-03-06-16-35-50-433	10802	0	0	73.0	291.0

2019-03-06-16-35-50-582	10803	0	1	73.0	291.0

2019-03-06-16-35-50-728	10804	0	0	16.0	272.0

2019-03-06-16-35-51-021	10805	0	1	16.0	277.0

2019-03-06-16-35-51-170	10806	0	0	0.0	234.0

2019-03-06-16-35-51-469	10807	0	1	0.0	234.0

2019-03-06-16-35-51-548	10808	0	0	0.0	217.0

2019-03-06-16-35-51-704	10809	0	1	0.0	217.0

2019-03-06-16-35-51-859	10810	0	0	206.0	234.0

2019-03-06-16-35-52-013	10811	0	1	206.0	234.0

2019-03-06-16-35-52-252	10812	0	0	330.0	221.0

2019-03-06-16-35-52-402	10813	0	1	330.0	221.0

2019-03-06-16-35-52-484	10814	0	0	471.0	250.0

2019-03-06-16-35-52-639	10815	0	1	471.0	250.0

2019-03-06-16-35-52-792	10816	0	0	547.0	268.0

2019-03-06-16-35-52-947	10817	0	1	535.0	269.0

2019-03-06-16-35-53-106	10818	0	0	463.0	191.0

2019-03-06-16-35-53-475	10819	0	1	417.0	201.0

2019-03-06-16-35-53-627	10820	0	0	601.0	198.0

2019-03-06-16-35-53-777	10821	0	1	601.0	198.0

2019-03-06-16-35-53-938	10822	0	0	1024.0	231.0

2019-03-06-16-35-54-163	10823	0	1	1021.0	229.0

2019-03-06-16-35-54-593	10824	0	0	1009.0	201.0

2019-03-06-16-35-54-736	10825	0	1	1009.0	201.0

2019-03-06-16-35-55-022	10826	0	0	658.0	494.0

2019-03-06-16-35-55-169	10827	0	1	658.0	494.0

2019-03-06-16-35-55-178	10828	0	0	1236.0	521.0

2019-03-06-16-35-55-261	10829	0	1	1236.0	521.0

2019-03-06-16-35-55-690	10830	0	0	648.0	531.0

2019-03-06-16-35-55-769	10831	0	1	648.0	531.0

2019-03-06-16-35-55-917	10832	0	0	1143.0	465.0

2019-03-06-16-35-55-995	10833	0	1	1143.0	465.0

2019-03-06-16-35-56-212	10834	0	0	624.0	435.0

2019-03-06-16-35-56-290	10835	0	1	624.0	435.0

2019-03-06-16-35-56-441	10836	0	0	1243.0	533.0

2019-03-06-16-35-56-519	10837	0	1	1243.0	533.0

2019-03-06-16-35-56-601	10838	0	0	675.0	613.0

2019-03-06-16-35-56-740	10839	0	1	675.0	613.0

2019-03-06-16-35-56-749	10840	0	0	1231.0	687.0

2019-03-06-16-35-56-818	10841	0	1	1231.0	687.0

2019-03-06-16-35-56-944	10842	0	0	699.0	648.0

2019-03-06-16-35-57-009	10843	0	1	699.0	648.0

2019-03-06-16-35-57-071	10844	0	0	1287.0	538.0

2019-03-06-16-35-57-136	10845	0	1	1287.0	538.0

2019-03-06-16-35-57-200	10846	0	0	452.0	489.0

2019-03-06-16-35-57-267	10847	0	1	452.0	489.0

2019-03-06-16-35-57-334	10848	0	0	1440.0	426.0

2019-03-06-16-35-57-401	10849	0	1	1440.0	426.0

2019-03-06-16-35-57-526	10850	0	0	328.0	468.0

2019-03-06-16-35-57-600	10851	0	1	328.0	468.0

2019-03-06-16-35-57-666	10852	0	0	1592.0	386.0

2019-03-06-16-35-57-791	10853	0	1	1592.0	386.0

2019-03-06-16-35-57-856	10854	0	0	201.0	387.0

2019-03-06-16-35-57-926	10855	0	1	201.0	387.0

2019-03-06-16-35-57-991	10856	0	0	1766.0	261.0

2019-03-06-16-35-58-166	10857	0	1	1766.0	261.0

2019-03-06-16-35-58-229	10858	0	0	127.0	343.0

2019-03-06-16-35-58-350	10859	0	1	127.0	343.0

2019-03-06-16-35-58-419	10860	0	0	1574.0	302.0

2019-03-06-16-35-58-486	10861	0	1	1574.0	302.0

2019-03-06-16-35-58-552	10862	0	0	360.0	302.0

2019-03-06-16-35-58-684	10863	0	1	360.0	302.0

2019-03-06-16-35-58-692	10864	0	0	1449.0	327.0

2019-03-06-16-35-58-764	10865	0	1	1449.0	327.0

2019-03-06-16-35-58-837	10866	0	0	584.0	243.0

2019-03-06-16-35-58-965	10867	0	1	584.0	243.0

2019-03-06-16-35-58-974	10868	0	0	1297.0	426.0

2019-03-06-16-35-59-095	10869	0	1	1295.0	429.0

2019-03-06-16-35-59-160	10870	0	0	750.0	224.0

2019-03-06-16-35-59-284	10871	0	1	750.0	224.0

2019-03-06-16-35-59-293	10872	0	0	1197.0	553.0

2019-03-06-16-35-59-413	10873	0	1	1197.0	553.0

2019-03-06-16-35-59-422	10874	0	0	771.0	198.0

2019-03-06-16-35-59-549	10875	0	1	771.0	198.0

2019-03-06-16-36-00-119	10876	0	0	1181.0	645.0

2019-03-06-16-36-00-184	10877	0	1	1181.0	645.0

2019-03-06-16-36-00-536	10878	0	0	1102.0	643.0

2019-03-06-16-36-00-657	10879	0	1	1102.0	643.0

2019-03-06-16-36-01-002	10880	0	0	756.0	689.0

2019-03-06-16-36-01-120	10881	0	1	756.0	689.0

2019-03-06-16-36-01-301	10882	0	0	680.0	678.0

2019-03-06-16-36-01-365	10883	0	1	680.0	678.0

2019-03-06-16-36-01-486	10884	0	0	682.0	688.0

2019-03-06-16-36-01-548	10885	0	1	682.0	688.0

2019-03-06-16-36-01-722	10886	0	0	451.0	695.0

2019-03-06-16-36-01-840	10887	0	1	451.0	695.0

2019-03-06-16-36-01-972	10888	0	0	457.0	687.0

2019-03-06-16-36-02-043	10889	0	1	457.0	687.0

2019-03-06-16-36-02-176	10890	0	0	488.0	675.0

2019-03-06-16-36-02-241	10891	0	1	488.0	675.0

2019-03-06-16-36-02-305	10892	0	0	543.0	671.0

2019-03-06-16-36-02-371	10893	0	1	543.0	671.0

2019-03-06-16-36-02-493	10894	0	0	536.0	674.0

2019-03-06-16-36-02-616	10895	0	1	536.0	674.0

2019-03-06-16-36-02-682	10896	0	0	527.0	686.0

2019-03-06-16-36-02-746	10897	0	1	527.0	686.0

2019-03-06-16-36-02-917	10898	0	0	658.0	698.0

2019-03-06-16-36-03-034	10899	0	1	658.0	698.0

2019-03-06-16-36-03-164	10900	0	0	676.0	678.0

2019-03-06-16-36-03-285	10901	0	1	676.0	678.0

2019-03-06-16-36-03-349	10902	0	0	696.0	678.0

2019-03-06-16-36-03-416	10903	0	1	696.0	678.0

2019-03-06-16-36-03-484	10904	0	0	701.0	659.0

2019-03-06-16-36-03-553	10905	0	1	701.0	659.0

2019-03-06-16-36-03-740	10906	0	0	1112.0	695.0

2019-03-06-16-36-03-864	10907	0	1	1112.0	695.0

2019-03-06-16-36-03-992	10908	0	0	1121.0	704.0

2019-03-06-16-36-04-062	10909	0	1	1121.0	704.0

2019-03-06-16-36-04-246	10910	0	0	1058.0	638.0

2019-03-06-16-36-04-385	10911	0	1	1058.0	638.0

2019-03-06-16-36-04-453	10912	0	0	1072.0	693.0

2019-03-06-16-36-04-518	10913	0	1	1072.0	693.0

2019-03-06-16-36-04-638	10914	0	0	1076.0	687.0

2019-03-06-16-36-04-701	10915	0	1	1076.0	687.0

2019-03-06-16-36-04-825	10916	0	0	1077.0	574.0

2019-03-06-16-36-04-835	10917	0	1	1077.0	574.0

2019-03-06-16-36-04-908	10918	0	0	1125.0	485.0

2019-03-06-16-36-05-040	10919	0	1	1125.0	485.0

2019-03-06-16-36-05-108	10920	0	0	1105.0	456.0

2019-03-06-16-36-05-175	10921	0	1	1105.0	456.0

2019-03-06-16-36-05-299	10922	0	0	1065.0	479.0

2019-03-06-16-36-05-365	10923	0	1	1065.0	479.0

2019-03-06-16-36-05-436	10924	0	0	1036.0	481.0

2019-03-06-16-36-05-507	10925	0	1	1036.0	481.0

2019-03-06-16-36-05-636	10926	0	0	1012.0	448.0

2019-03-06-16-36-05-706	10927	0	1	1012.0	448.0

2019-03-06-16-36-05-827	10928	0	0	998.0	425.0

2019-03-06-16-36-05-900	10929	0	1	998.0	425.0

2019-03-06-16-36-05-967	10930	0	0	1098.0	376.0

2019-03-06-16-36-06-033	10931	0	1	1098.0	376.0

2019-03-06-16-36-06-159	10932	0	0	1180.0	405.0

2019-03-06-16-36-06-229	10933	0	1	1180.0	405.0

2019-03-06-16-36-06-297	10934	0	0	722.0	516.0

2019-03-06-16-36-06-422	10935	0	1	722.0	516.0

2019-03-06-16-36-06-494	10936	0	0	1331.0	476.0

2019-03-06-16-36-06-621	10937	0	1	1331.0	476.0

2019-03-06-16-36-06-687	10938	0	0	696.0	426.0

2019-03-06-16-36-06-751	10939	0	1	696.0	426.0

2019-03-06-16-36-06-821	10940	0	0	1338.0	452.0

2019-03-06-16-36-06-885	10941	0	1	1338.0	452.0

2019-03-06-16-36-07-006	10942	0	0	569.0	436.0

2019-03-06-16-36-07-125	10943	0	1	569.0	436.0

2019-03-06-16-36-07-134	10944	0	0	1483.0	416.0

2019-03-06-16-36-07-257	10945	0	1	1483.0	416.0

2019-03-06-16-36-07-382	10946	0	0	468.0	439.0

2019-03-06-16-36-07-456	10947	0	1	468.0	439.0

2019-03-06-16-36-07-526	10948	0	0	1638.0	400.0

2019-03-06-16-36-07-654	10949	0	1	1638.0	400.0

2019-03-06-16-36-07-728	10950	0	0	315.0	437.0

2019-03-06-16-36-07-851	10951	0	1	315.0	437.0

2019-03-06-16-36-07-916	10952	0	0	1762.0	436.0

2019-03-06-16-36-08-041	10953	0	1	1762.0	436.0

2019-03-06-16-36-08-162	10954	0	0	258.0	441.0

2019-03-06-16-36-08-278	10955	0	1	258.0	441.0

2019-03-06-16-36-08-345	10956	0	0	1787.0	290.0

2019-03-06-16-36-08-463	10957	0	1	1787.0	290.0

2019-03-06-16-36-08-590	10958	0	0	1775.0	283.0

2019-03-06-16-36-08-656	10959	0	1	1775.0	283.0

2019-03-06-16-36-08-728	10960	0	0	1789.0	259.0

2019-03-06-16-36-08-795	10961	0	1	1789.0	259.0

2019-03-06-16-36-08-863	10962	0	0	1807.0	241.0

2019-03-06-16-36-08-988	10963	0	1	1807.0	241.0

2019-03-06-16-36-09-051	10964	0	0	1825.0	237.0

2019-03-06-16-36-09-495	10965	0	1	1852.0	233.0

2019-03-06-16-36-09-560	10966	0	0	1863.0	218.0

2019-03-06-16-36-09-628	10967	0	1	1863.0	218.0

2019-03-06-16-36-09-809	10968	0	0	1859.0	211.0

2019-03-06-16-36-09-875	10969	0	1	1859.0	211.0

2019-03-06-16-36-10-110	10970	0	0	1815.0	217.0

2019-03-06-16-36-10-172	10971	0	1	1815.0	217.0

2019-03-06-16-36-10-345	10972	0	0	1783.0	280.0

2019-03-06-16-36-10-408	10973	0	1	1781.0	293.0

2019-03-06-16-36-10-472	10974	0	0	1763.0	407.0

2019-03-06-16-36-10-651	10975	0	1	1773.0	411.0

2019-03-06-16-36-10-715	10976	0	0	1812.0	391.0

2019-03-06-16-36-10-781	10977	0	1	1812.0	391.0

2019-03-06-16-36-10-906	10978	0	0	1817.0	286.0

2019-03-06-16-36-10-970	10979	0	1	1817.0	286.0

2019-03-06-16-36-11-096	10980	0	0	1763.0	265.0

2019-03-06-16-36-11-218	10981	0	1	1763.0	265.0

2019-03-06-16-36-11-340	10982	0	0	1572.0	271.0

2019-03-06-16-36-11-459	10983	0	1	1572.0	271.0

2019-03-06-16-36-11-531	10984	0	0	425.0	210.0

2019-03-06-16-36-11-597	10985	0	1	425.0	210.0

2019-03-06-16-36-11-663	10986	0	0	1439.0	299.0

2019-03-06-16-36-11-731	10987	0	1	1439.0	299.0

2019-03-06-16-36-11-797	10988	0	0	621.0	227.0

2019-03-06-16-36-11-976	10989	0	1	621.0	227.0

2019-03-06-16-36-11-984	10990	0	0	1311.0	305.0

2019-03-06-16-36-12-053	10991	0	1	1311.0	305.0

2019-03-06-16-36-12-121	10992	0	0	713.0	227.0

2019-03-06-16-36-12-305	10993	0	1	689.0	248.0

2019-03-06-16-36-12-429	10994	0	0	779.0	225.0

2019-03-06-16-36-12-557	10995	0	1	779.0	225.0

2019-03-06-16-36-12-693	10996	0	0	929.0	206.0

2019-03-06-16-36-12-814	10997	0	1	929.0	206.0

2019-03-06-16-36-12-879	10998	0	0	1018.0	219.0

2019-03-06-16-36-12-946	10999	0	1	1018.0	219.0

2019-03-06-16-36-13-123	11000	0	0	745.0	213.0

2019-03-06-16-36-13-189	11001	0	1	733.0	212.0

2019-03-06-16-36-13-257	11002	0	0	510.0	218.0

2019-03-06-16-36-13-327	11003	0	1	510.0	218.0

2019-03-06-16-36-13-459	11004	0	0	497.0	229.0

2019-03-06-16-36-13-525	11005	0	1	497.0	229.0

2019-03-06-16-36-13-699	11006	0	0	596.0	238.0

2019-03-06-16-36-13-817	11007	0	1	596.0	238.0

2019-03-06-16-36-13-936	11008	0	0	622.0	247.0

2019-03-06-16-36-14-164	11009	0	1	622.0	247.0

2019-03-06-16-36-14-284	11010	0	0	619.0	160.0

2019-03-06-16-36-14-409	11011	0	1	619.0	160.0

2019-03-06-16-36-14-598	11012	0	0	600.0	187.0

2019-03-06-16-36-14-725	11013	0	1	600.0	187.0

2019-03-06-16-36-14-791	11014	0	0	781.0	183.0

2019-03-06-16-36-14-912	11015	0	1	781.0	183.0

2019-03-06-16-36-14-976	11016	0	0	836.0	164.0

2019-03-06-16-36-15-100	11017	0	1	836.0	164.0

2019-03-06-16-36-15-395	11018	0	0	1135.0	242.0

2019-03-06-16-36-15-515	11019	0	1	1135.0	242.0

2019-03-06-16-36-15-704	11020	0	0	704.0	508.0

2019-03-06-16-36-15-768	11021	0	1	704.0	508.0

2019-03-06-16-36-15-940	11022	0	0	1113.0	470.0

2019-03-06-16-36-16-005	11023	0	1	1113.0	470.0

2019-03-06-16-36-16-181	11024	0	0	711.0	196.0

2019-03-06-16-36-16-308	11025	0	1	711.0	196.0

2019-03-06-16-36-16-396	11026	0	0	1106.0	685.0

2019-03-06-16-36-16-531	11027	0	1	1106.0	685.0

2019-03-06-16-36-16-845	11028	0	0	719.0	627.0

2019-03-06-16-36-16-966	11029	0	5	1157.0	213.0

2019-03-06-16-36-16-974	11030	0	6	719.0	627.0

2019-03-06-16-36-17-047	11031	0	1	1157.0	213.0

2019-03-06-16-36-17-227	11032	0	0	643.0	440.0

2019-03-06-16-36-17-348	11033	0	1	643.0	440.0

2019-03-06-16-36-17-357	11034	0	0	1284.0	479.0

2019-03-06-16-36-17-486	11035	0	1	1284.0	479.0

2019-03-06-16-36-17-726	11036	0	0	1253.0	644.0

2019-03-06-16-36-17-850	11037	0	1	1253.0	644.0

2019-03-06-16-36-18-421	11038	0	0	1220.0	659.0

2019-03-06-16-36-18-727	11039	0	1	1220.0	667.0

2019-03-06-16-36-19-189	11040	0	0	1294.0	657.0

2019-03-06-16-36-19-591	11041	0	1	1294.0	672.0

2019-03-06-16-36-19-712	11042	0	0	1245.0	650.0

2019-03-06-16-36-21-000	11043	0	1	1249.0554	657.9723

2019-03-06-16-36-21-233	11044	0	0	1364.0	649.0

2019-03-06-16-36-21-355	11045	0	1	1373.0	652.0

2019-03-06-16-36-21-541	11046	0	0	1485.0	629.0

2019-03-06-16-36-21-607	11047	0	1	1485.0	629.0

2019-03-06-16-36-21-793	11048	0	0	1328.0	670.0

2019-03-06-16-36-21-858	11049	0	1	1328.0	670.0

2019-03-06-16-36-22-162	11050	0	0	772.0	716.0

2019-03-06-16-36-22-227	11051	0	1	772.0	716.0

2019-03-06-16-36-22-357	11052	0	0	1220.0	665.0

2019-03-06-16-36-22-485	11053	0	1	1220.0	665.0

2019-03-06-16-36-22-610	11054	0	0	664.0	734.0

2019-03-06-16-36-22-681	11055	0	1	664.0	734.0

2019-03-06-16-36-22-749	11056	0	0	1156.0	690.0

2019-03-06-16-36-22-815	11057	0	1	1156.0	690.0

2019-03-06-16-36-23-048	11058	0	0	636.0	717.0

2019-03-06-16-36-23-172	11059	0	1	636.0	717.0

2019-03-06-16-36-23-237	11060	0	0	1184.0	597.0

2019-03-06-16-36-23-303	11061	0	1	1184.0	597.0

2019-03-06-16-36-23-372	11062	0	0	609.0	524.0

2019-03-06-16-36-23-441	11063	0	1	609.0	524.0

2019-03-06-16-36-23-509	11064	0	0	1140.0	481.0

2019-03-06-16-36-23-638	11065	0	1	1140.0	481.0

2019-03-06-16-36-23-708	11066	0	0	543.0	453.0

2019-03-06-16-36-23-835	11067	0	1	541.0	461.0

2019-03-06-16-36-23-844	11068	0	0	1139.0	449.0

2019-03-06-16-36-23-966	11069	0	1	1139.0	449.0

2019-03-06-16-36-24-086	11070	0	0	468.0	448.0

2019-03-06-16-36-24-152	11071	0	1	468.0	448.0

2019-03-06-16-36-24-220	11072	0	0	1092.0	528.0

2019-03-06-16-36-24-284	11073	0	1	1092.0	528.0

2019-03-06-16-36-24-351	11074	0	0	260.0	347.0

2019-03-06-16-36-24-473	11075	0	1	254.0	356.0

2019-03-06-16-36-24-538	11076	0	0	1437.0	418.0

2019-03-06-16-36-24-615	11077	0	1	1437.0	418.0

2019-03-06-16-36-24-684	11078	0	0	194.0	426.0

2019-03-06-16-36-24-811	11079	0	1	194.0	426.0

2019-03-06-16-36-24-820	11080	0	0	1634.0	328.0

2019-03-06-16-36-24-944	11081	0	5	110.0	308.0

2019-03-06-16-36-24-953	11082	0	6	1636.0	329.0

2019-03-06-16-36-25-076	11083	0	1	105.0	325.0

2019-03-06-16-36-25-143	11084	0	0	1626.0	289.0

2019-03-06-16-36-25-271	11085	0	1	1626.0	289.0

2019-03-06-16-36-25-280	11086	0	0	264.0	286.0

2019-03-06-16-36-25-407	11087	0	1	264.0	303.0

2019-03-06-16-36-25-417	11088	0	0	1436.0	288.0

2019-03-06-16-36-25-546	11089	0	1	1436.0	288.0

2019-03-06-16-36-25-556	11090	0	0	466.0	273.0

2019-03-06-16-36-25-678	11091	0	1	466.0	273.0

2019-03-06-16-36-25-748	11092	0	0	1302.0	288.0

2019-03-06-16-36-25-872	11093	0	1	1302.0	288.0

2019-03-06-16-36-25-941	11094	0	0	664.0	244.0

2019-03-06-16-36-26-075	11095	0	1	664.0	244.0

2019-03-06-16-36-26-144	11096	0	0	1221.0	256.0

2019-03-06-16-36-26-268	11097	0	1	1221.0	256.0

2019-03-06-16-36-26-568	11098	0	0	1128.0	239.0

2019-03-06-16-36-26-689	11099	0	1	1128.0	239.0

2019-03-06-16-36-26-877	11100	0	0	1175.0	166.0

2019-03-06-16-36-26-998	11101	0	1	1183.1422	163.96443

2019-03-06-16-36-27-174	11102	0	0	1196.0	127.0

2019-03-06-16-36-27-297	11103	0	1	1196.0	127.0

2019-03-06-16-36-27-420	11104	0	0	1087.0	139.0

2019-03-06-16-36-27-544	11105	0	1	1087.0	139.0

2019-03-06-16-36-27-729	11106	0	0	1027.0	144.0

2019-03-06-16-36-27-846	11107	0	1	1027.0	144.0

2019-03-06-16-36-28-087	11108	0	0	575.0	225.0

2019-03-06-16-36-28-266	11109	0	1	573.0	226.0

2019-03-06-16-36-28-459	11110	0	0	715.0	124.0

2019-03-06-16-36-28-647	11111	0	1	716.0	143.0

2019-03-06-16-36-28-785	11112	0	0	785.0	176.0

2019-03-06-16-36-28-914	11113	0	1	790.0	215.62119

2019-03-06-16-36-29-039	11114	0	0	832.0	216.0

2019-03-06-16-36-29-117	11115	0	1	832.0	216.0

2019-03-06-16-36-29-246	11116	0	0	1216.0	532.0

2019-03-06-16-36-29-375	11117	0	1	1216.0	532.0

2019-03-06-16-36-29-439	11118	0	0	629.0	497.0

2019-03-06-16-36-29-506	11119	0	1	629.0	497.0

2019-03-06-16-36-29-694	11120	0	0	1257.0	459.0

2019-03-06-16-36-29-813	11121	0	1	1257.0	459.0

2019-03-06-16-36-29-882	11122	0	0	574.0	394.0

2019-03-06-16-36-30-005	11123	0	1	579.0	422.0

2019-03-06-16-36-30-073	11124	0	0	1303.0	443.0

2019-03-06-16-36-30-139	11125	0	1	1303.0	443.0

2019-03-06-16-36-30-268	11126	0	0	492.0	491.0

2019-03-06-16-36-30-334	11127	0	1	492.0	491.0

2019-03-06-16-36-30-343	11128	0	0	1099.0	489.0

2019-03-06-16-36-30-483	11129	0	1	1099.0	489.0

2019-03-06-16-36-30-552	11130	0	0	387.0	449.0

2019-03-06-16-36-30-628	11131	0	1	372.0	452.0

2019-03-06-16-36-30-756	11132	0	0	1388.0	408.0

2019-03-06-16-36-30-882	11133	0	1	1388.0	408.0

2019-03-06-16-36-30-948	11134	0	0	247.0	444.0

2019-03-06-16-36-31-071	11135	0	1	247.0	444.0

2019-03-06-16-36-31-140	11136	0	0	1537.0	433.0

2019-03-06-16-36-31-273	11137	0	1	1537.0	433.0

2019-03-06-16-36-31-405	11138	0	0	117.0	417.0

2019-03-06-16-36-31-534	11139	0	5	1607.0	417.0

2019-03-06-16-36-31-543	11140	0	6	117.0	417.0

2019-03-06-16-36-31-623	11141	0	1	1606.0	418.0

2019-03-06-16-36-31-692	11142	0	0	124.0	281.0

2019-03-06-16-36-31-819	11143	0	1	124.0	281.0

2019-03-06-16-36-31-944	11144	0	0	79.0	255.0

2019-03-06-16-36-32-132	11145	0	1	79.0	255.0

2019-03-06-16-36-32-208	11146	0	0	1697.0	215.0

2019-03-06-16-36-32-282	11147	0	1	1697.0	215.0

2019-03-06-16-36-32-291	11148	0	0	120.0	273.0

2019-03-06-16-36-32-421	11149	0	1	120.0	273.0

2019-03-06-16-36-32-498	11150	0	0	1777.0	199.0

2019-03-06-16-36-32-630	11151	0	1	1777.0	199.0

2019-03-06-16-36-32-810	11152	0	0	1815.0	185.0

2019-03-06-16-36-32-936	11153	0	1	1815.0	185.0

2019-03-06-16-36-33-055	11154	0	0	1648.0	218.0

2019-03-06-16-36-33-179	11155	0	1	1648.0	218.0

2019-03-06-16-36-33-362	11156	0	0	1590.0	225.0

2019-03-06-16-36-33-483	11157	0	1	1590.0	225.0

2019-03-06-16-36-33-492	11158	0	0	1638.0	216.0

2019-03-06-16-36-33-614	11159	0	1	1638.0	216.0

2019-03-06-16-36-33-749	11160	0	0	1524.0	226.0

2019-03-06-16-36-33-817	11161	0	1	1524.0	226.0

2019-03-06-16-36-33-886	11162	0	0	1505.0	231.0

2019-03-06-16-36-34-010	11163	0	1	1505.0	231.0

2019-03-06-16-36-34-303	11164	0	0	428.0	323.0

2019-03-06-16-36-34-428	11165	0	1	428.0	323.0

2019-03-06-16-36-34-503	11166	0	0	1454.0	320.0

2019-03-06-16-36-34-637	11167	0	1	1454.0	320.0

2019-03-06-16-36-34-716	11168	0	0	609.0	274.0

2019-03-06-16-36-34-785	11169	0	1	609.0	274.0

2019-03-06-16-36-34-851	11170	0	0	1321.0	411.0

2019-03-06-16-36-34-916	11171	0	1	1321.0	411.0

2019-03-06-16-36-35-096	11172	0	0	701.0	208.0

2019-03-06-16-36-35-163	11173	0	1	701.0	208.0

2019-03-06-16-36-35-172	11174	0	0	1214.0	525.0

2019-03-06-16-36-35-297	11175	0	1	1214.0	525.0

2019-03-06-16-36-35-424	11176	0	0	797.0	179.0

2019-03-06-16-36-35-546	11177	0	1	797.0	179.0

2019-03-06-16-36-35-556	11178	0	0	1161.0	631.0

2019-03-06-16-36-35-693	11179	0	1	1161.0	631.0

2019-03-06-16-36-35-760	11180	0	0	855.0	181.0

2019-03-06-16-36-35-939	11181	0	1	855.0	181.0

2019-03-06-16-36-35-949	11182	0	0	1121.0	647.0

2019-03-06-16-36-36-077	11183	0	1	1121.0	647.0

2019-03-06-16-36-36-147	11184	0	0	899.0	154.0

2019-03-06-16-36-36-218	11185	0	1	899.0	154.0

2019-03-06-16-36-36-460	11186	0	0	1168.0	411.0

2019-03-06-16-36-36-645	11187	0	1	1168.0	411.0

2019-03-06-16-36-36-946	11188	0	0	697.0	641.0

2019-03-06-16-36-37-015	11189	0	1	697.0	641.0

2019-03-06-16-36-37-144	11190	0	0	1158.0	301.0

2019-03-06-16-36-37-265	11191	0	1	1158.0	301.0

2019-03-06-16-36-37-444	11192	0	0	642.0	466.0

2019-03-06-16-36-37-572	11193	0	5	1127.0	203.0

2019-03-06-16-36-37-639	11194	0	6	642.0	466.0

2019-03-06-16-36-37-648	11195	0	1	1126.0	204.0

2019-03-06-16-36-37-780	11196	0	0	611.0	399.0

2019-03-06-16-36-37-906	11197	0	1	611.0	399.0

2019-03-06-16-36-37-971	11198	0	0	1357.0	249.0

2019-03-06-16-36-38-038	11199	0	1	1357.0	249.0

2019-03-06-16-36-38-176	11200	0	0	593.0	267.0

2019-03-06-16-36-38-246	11201	0	1	593.0	267.0

2019-03-06-16-36-38-489	11202	0	0	1334.0	422.0

2019-03-06-16-36-38-618	11203	0	1	1334.0	431.92276

2019-03-06-16-36-39-097	11204	0	0	507.0	478.0

2019-03-06-16-36-39-283	11205	0	1	507.0	478.0

2019-03-06-16-36-39-575	11206	0	0	450.0	417.0

2019-03-06-16-36-39-696	11207	0	1	450.0	417.0

2019-03-06-16-36-40-052	11208	0	0	524.0	363.0

2019-03-06-16-36-40-175	11209	0	1	524.0	363.0

2019-03-06-16-36-40-418	11210	0	0	591.0	434.0

2019-03-06-16-36-40-485	11211	0	1	591.0	434.0

2019-03-06-16-36-40-885	11212	0	0	120.0	434.0

2019-03-06-16-36-41-007	11213	0	1	120.0	434.0

2019-03-06-16-36-41-252	11214	0	0	84.0	475.0

2019-03-06-16-36-41-318	11215	0	1	84.0	475.0

2019-03-06-16-36-41-682	11216	0	0	995.0	668.0

2019-03-06-16-36-41-807	11217	0	1	995.0	668.0

2019-03-06-16-36-42-453	11218	0	0	360.0	307.0

2019-03-06-16-36-42-523	11219	0	1	360.0	307.0

2019-03-06-16-36-42-822	11220	0	0	1783.0	486.0

2019-03-06-16-36-42-945	11221	0	1	1783.0	486.0

2019-03-06-16-36-43-067	11222	0	0	457.0	268.0

2019-03-06-16-36-43-132	11223	0	1	457.0	268.0

2019-03-06-16-36-43-259	11224	0	0	1442.0	346.0

2019-03-06-16-36-43-380	11225	0	1	1442.0	346.0

2019-03-06-16-36-44-649	11226	0	0	1534.0	238.0

2019-03-06-16-36-44-848	11227	0	1	1549.0	238.0

2019-03-06-16-36-45-278	11228	0	0	1532.0	187.0

2019-03-06-16-36-45-521	11229	0	1	1523.0	199.0

2019-03-06-16-36-46-350	11230	0	0	1148.0	909.0

2019-03-06-16-36-46-481	11231	0	1	1148.0	909.0

2019-03-06-16-36-47-011	11232	0	0	137.0	480.0

2019-03-06-16-36-47-192	11233	0	1	128.0	489.0

2019-03-06-16-36-47-595	11234	0	0	102.0	392.0

2019-03-06-16-36-47-716	11235	0	1	98.0	399.0

2019-03-06-16-36-48-632	11236	0	0	1452.0	711.0

2019-03-06-16-36-48-870	11237	0	1	1462.0	715.0

2019-03-06-16-36-49-111	11238	0	0	1520.0	605.0

2019-03-06-16-36-49-350	11239	0	1	1520.0	605.0

2019-03-06-16-36-49-594	11240	0	0	1462.0	661.0

2019-03-06-16-36-49-715	11241	0	1	1462.0	661.0

2019-03-06-16-36-50-203	11242	0	0	1596.0	654.0

2019-03-06-16-36-50-389	11243	0	1	1616.0	657.0

2019-03-06-16-36-50-872	11244	0	0	1649.0	661.0

2019-03-06-16-36-51-065	11245	0	1	1649.0	664.0

2019-03-06-16-36-52-686	11246	0	0	715.0	255.0

2019-03-06-16-36-52-812	11247	0	1	715.0	255.0

2019-03-06-16-36-54-156	11248	0	0	1079.0	649.0

2019-03-06-16-36-54-667	11249	0	1	1078.0	650.0

2019-03-06-16-36-55-657	11250	0	0	1001.0	637.0

2019-03-06-16-36-56-058	11251	0	1	1001.0	637.0

2019-03-06-16-36-56-702	11252	0	0	338.0	264.0

2019-03-06-16-36-57-108	11253	0	1	310.0	277.0

2019-03-06-16-36-57-233	11254	0	0	287.0	208.0

2019-03-06-16-36-57-428	11255	0	1	287.0	208.0

2019-03-06-16-36-57-554	11256	0	0	404.0	199.0

2019-03-06-16-36-57-741	11257	0	1	402.0	198.0

2019-03-06-16-36-57-979	11258	0	0	395.0	165.0

2019-03-06-16-36-58-101	11259	0	1	395.0	165.0

2019-03-06-16-36-58-583	11260	0	0	538.0	192.0

2019-03-06-16-36-58-706	11261	0	1	538.0	194.0

2019-03-06-16-36-59-103	11262	0	0	622.0	202.0

2019-03-06-16-36-59-228	11263	0	1	622.0	202.0

2019-03-06-16-36-59-466	11264	0	0	1159.0	263.0

2019-03-06-16-36-59-821	11265	0	1	1158.0	263.0

2019-03-06-16-37-00-002	11266	0	0	1152.0	191.0

2019-03-06-16-37-00-353	11267	0	1	1152.0	188.0

2019-03-06-16-37-01-164	11268	0	0	1230.0	973.0

2019-03-06-16-37-01-291	11269	0	1	1230.0	973.0

2019-03-06-16-37-01-763	11270	0	0	1275.0	424.0

2019-03-06-16-37-01-950	11271	0	1	1275.0	424.0

2019-03-06-16-37-02-191	11272	0	0	1345.0	214.0

2019-03-06-16-37-02-374	11273	0	1	1345.0	214.0

2019-03-06-16-37-02-610	11274	0	0	1219.0	496.0

2019-03-06-16-37-02-731	11275	0	1	1219.0	496.0

2019-03-06-16-37-03-036	11276	0	0	1346.0	213.0

2019-03-06-16-37-03-104	11277	0	1	1346.0	213.0

2019-03-06-16-37-03-684	11278	0	0	1440.0	650.0

2019-03-06-16-37-03-752	11279	0	1	1440.0	650.0

2019-03-06-16-37-04-065	11280	0	0	870.0	439.0

2019-03-06-16-37-04-202	11281	0	1	870.0	439.0

2019-03-06-16-37-04-387	11282	0	0	591.0	226.0

2019-03-06-16-37-04-460	11283	0	1	591.0	226.0

2019-03-06-16-37-04-585	11284	0	0	1195.0	280.0

2019-03-06-16-37-04-706	11285	0	1	1195.0	280.0

2019-03-06-16-37-04-944	11286	0	0	1188.0	818.0

2019-03-06-16-37-05-066	11287	0	1	1188.0	818.0

2019-03-06-16-37-05-259	11288	0	0	535.0	287.0

2019-03-06-16-37-05-327	11289	0	1	539.721	309.24442

2019-03-06-16-37-05-512	11290	0	0	1470.0	262.0

2019-03-06-16-37-05-690	11291	0	1	1469.0	305.0

2019-03-06-16-37-05-870	11292	0	0	849.0	439.0

2019-03-06-16-37-05-935	11293	0	1	849.0	439.0

2019-03-06-16-37-06-117	11294	0	0	1239.0	428.0

2019-03-06-16-37-06-250	11295	0	1	1239.0	428.0

2019-03-06-16-37-06-324	11296	0	0	728.0	223.0

2019-03-06-16-37-06-452	11297	0	1	728.0	223.0

2019-03-06-16-37-06-519	11298	0	0	1229.0	820.0

2019-03-06-16-37-06-699	11299	0	1	1231.0	822.0

2019-03-06-16-37-07-161	11300	0	0	1482.0	673.0

2019-03-06-16-37-07-282	11301	0	1	1482.0	673.0

2019-03-06-16-37-07-767	11302	0	0	1729.0	252.0

2019-03-06-16-37-08-181	11303	0	1	1717.0	253.0

2019-03-06-16-37-08-932	11304	0	0	192.0	291.0

2019-03-06-16-37-09-393	11305	0	1	166.0	300.0

2019-03-06-16-37-09-530	11306	0	0	197.0	270.0

2019-03-06-16-37-09-676	11307	0	1	197.0	270.0

2019-03-06-16-37-09-820	11308	0	0	1730.0	255.0

2019-03-06-16-37-09-903	11309	0	1	1730.0	255.0

2019-03-06-16-37-14-334	11310	0	0	483.0	318.0

2019-03-06-16-37-14-408	11311	0	1	483.0	318.0

2019-03-06-16-37-14-741	11312	0	0	1556.0	244.0

2019-03-06-16-37-14-878	11313	0	1	1554.0	247.0

2019-03-06-16-37-15-291	11314	0	0	1284.0	787.0

2019-03-06-16-37-15-364	11315	0	1	1284.0	787.0

2019-03-06-16-37-15-626	11316	0	0	644.0	282.0

2019-03-06-16-37-15-700	11317	0	1	636.0	285.0

2019-03-06-16-37-15-839	11318	0	0	438.0	263.0

2019-03-06-16-37-15-913	11319	0	1	429.0	269.0

2019-03-06-16-37-16-118	11320	0	0	137.0	454.0

2019-03-06-16-37-16-262	11321	0	1	137.0	454.0

2019-03-06-16-37-16-272	11322	0	0	1723.0	484.0

2019-03-06-16-37-16-355	11323	0	1	1723.0	484.0

2019-03-06-16-37-16-434	11324	0	0	1740.0	507.0

2019-03-06-16-37-16-510	11325	0	1	1740.0	507.0

2019-03-06-16-37-16-586	11326	0	0	1705.0	520.0

2019-03-06-16-37-16-721	11327	0	1	1705.0	520.0

2019-03-06-16-37-16-855	11328	0	0	959.0	220.0

2019-03-06-16-37-16-933	11329	0	1	959.0	220.0

2019-03-06-16-37-17-074	11330	0	0	1225.0	801.0

2019-03-06-16-37-17-146	11331	0	1	1225.0	801.0

2019-03-06-16-37-17-348	11332	0	0	211.0	335.0

2019-03-06-16-37-17-433	11333	0	1	211.0	335.0

2019-03-06-16-37-17-510	11334	0	0	119.0	464.0

2019-03-06-16-37-17-657	11335	0	1	119.0	464.0

2019-03-06-16-37-17-730	11336	0	0	1353.0	696.0

2019-03-06-16-37-17-874	11337	0	1	1353.0	696.0

2019-03-06-16-37-18-087	11338	0	0	780.0	195.0

2019-03-06-16-37-18-160	11339	0	1	780.0	195.0

2019-03-06-16-37-18-233	11340	0	0	1278.0	782.0

2019-03-06-16-37-18-308	11341	0	1	1278.0	782.0

2019-03-06-16-37-18-521	11342	0	0	748.0	214.0

2019-03-06-16-37-18-605	11343	0	1	748.0	214.0

2019-03-06-16-37-18-685	11344	0	0	1645.0	283.0

2019-03-06-16-37-18-762	11345	0	1	1624.0	305.0

2019-03-06-16-37-18-904	11346	0	0	1249.0	804.0

2019-03-06-16-37-19-045	11347	0	1	1249.0	804.0

2019-03-06-16-37-19-377	11348	0	0	1289.0	517.0

2019-03-06-16-37-19-455	11349	0	1	1289.0	517.0

2019-03-06-16-37-19-530	11350	0	0	222.0	457.0

2019-03-06-16-37-19-608	11351	0	1	222.0	457.0

2019-03-06-16-37-19-617	11352	0	0	1133.0	611.0

2019-03-06-16-37-19-774	11353	0	1	1132.0	615.0

2019-03-06-16-37-19-850	11354	0	0	516.0	297.0

2019-03-06-16-37-19-994	11355	0	1	516.0	297.0

2019-03-06-16-37-20-003	11356	0	0	1152.0	820.0

2019-03-06-16-37-20-076	11357	0	1	1152.0	820.0

