2019-03-06-15-39-17-266	2966	0	0	69.0	199.0

2019-03-06-15-39-17-322	2967	0	1	69.0	199.0

2019-03-06-15-39-18-772	2968	0	0	313.0	197.0

2019-03-06-15-39-18-828	2969	0	1	313.0	197.0

2019-03-06-15-39-19-487	2970	0	0	1817.0	175.0

2019-03-06-15-39-19-545	2971	0	1	1817.0	175.0

2019-03-06-15-39-19-804	2972	0	0	1629.0	181.0

2019-03-06-15-39-19-875	2973	0	1	1619.0	186.0

2019-03-06-15-39-20-149	2974	0	0	488.0	214.0

2019-03-06-15-39-20-230	2975	0	1	488.0	214.0

2019-03-06-15-39-20-543	2976	0	0	1433.0	180.0

2019-03-06-15-39-20-637	2977	0	1	1433.0	180.0

2019-03-06-15-39-20-883	2978	0	0	695.0	193.0

2019-03-06-15-39-20-976	2979	0	1	695.0	193.0

2019-03-06-15-39-21-412	2980	0	0	1182.0	413.0

2019-03-06-15-39-21-495	2981	0	1	1182.0	413.0

2019-03-06-15-39-21-569	2982	0	0	788.0	397.0

2019-03-06-15-39-21-684	2983	0	1	788.0	397.0

2019-03-06-15-39-21-942	2984	0	0	1389.0	406.0

2019-03-06-15-39-22-020	2985	0	1	1389.0	406.0

2019-03-06-15-39-22-290	2986	0	0	587.0	410.0

2019-03-06-15-39-22-362	2987	0	1	587.0	410.0

2019-03-06-15-39-22-618	2988	0	0	343.0	382.0

2019-03-06-15-39-22-694	2989	0	1	343.0	382.0

2019-03-06-15-39-22-759	2990	0	0	1537.0	403.0

2019-03-06-15-39-22-846	2991	0	1	1537.0	403.0

2019-03-06-15-39-22-927	2992	0	0	122.0	374.0

2019-03-06-15-39-22-985	2993	0	1	122.0	374.0

2019-03-06-15-39-23-087	2994	0	0	1702.0	408.0

2019-03-06-15-39-23-196	2995	0	1	1702.0	408.0

2019-03-06-15-39-23-594	2996	0	0	353.0	658.0

2019-03-06-15-39-23-678	2997	0	1	353.0	658.0

2019-03-06-15-39-23-766	2998	0	0	1560.0	608.0

2019-03-06-15-39-23-867	2999	0	1	1560.0	608.0

2019-03-06-15-39-23-999	3000	0	0	555.0	606.0

2019-03-06-15-39-24-092	3001	0	1	555.0	606.0

2019-03-06-15-39-24-229	3002	0	0	1358.0	578.0

2019-03-06-15-39-24-290	3003	0	1	1358.0	578.0

2019-03-06-15-39-24-393	3004	0	0	750.0	634.0

2019-03-06-15-39-24-455	3005	0	1	750.0	634.0

2019-03-06-15-39-24-574	3006	0	0	1167.0	590.0

2019-03-06-15-39-24-657	3007	0	1	1167.0	590.0

2019-03-06-15-39-24-819	3008	0	0	879.0	637.0

2019-03-06-15-39-24-910	3009	0	1	879.0	637.0

2019-03-06-15-39-25-121	3010	0	0	871.0	866.0

2019-03-06-15-39-25-183	3011	0	1	871.0	866.0

2019-03-06-15-39-25-442	3012	0	0	1745.0	374.0

2019-03-06-15-39-25-503	3013	0	1	1745.0	374.0

2019-03-06-15-39-25-736	3014	0	0	135.0	410.0

2019-03-06-15-39-25-799	3015	0	1	135.0	410.0

2019-03-06-15-39-25-897	3016	0	0	1585.0	363.0

2019-03-06-15-39-25-967	3017	0	1	1585.0	363.0

2019-03-06-15-39-26-087	3018	0	0	382.0	397.0

2019-03-06-15-39-26-132	3019	0	1	382.0	397.0

2019-03-06-15-39-26-473	3020	0	0	543.0	389.0

2019-03-06-15-39-26-556	3021	0	1	543.0	389.0

2019-03-06-15-39-27-347	3022	0	0	907.0	160.0

2019-03-06-15-39-27-375	3023	0	1	907.0	160.0

2019-03-06-15-39-27-553	3024	0	0	1669.0	200.0

2019-03-06-15-39-27-632	3025	0	1	1669.0	200.0

2019-03-06-15-39-27-879	3026	0	0	541.0	398.0

2019-03-06-15-39-27-942	3027	0	1	541.0	398.0

2019-03-06-15-39-28-136	3028	0	0	155.0	342.0

2019-03-06-15-39-28-200	3029	0	1	155.0	342.0

2019-03-06-15-39-28-281	3030	0	0	1087.0	198.0

2019-03-06-15-39-28-370	3031	0	1	1087.0	198.0

2019-03-06-15-39-28-794	3032	0	0	1109.0	856.0

2019-03-06-15-39-28-842	3033	0	1	1109.0	856.0

2019-03-06-15-39-29-151	3034	0	0	1431.0	243.0

2019-03-06-15-39-29-234	3035	0	1	1431.0	243.0

2019-03-06-15-39-29-606	3036	0	0	1159.0	835.0

2019-03-06-15-39-29-691	3037	0	1	1159.0	835.0

2019-03-06-15-39-29-835	3038	0	0	211.0	442.0

2019-03-06-15-39-29-862	3039	0	1	211.0	442.0

2019-03-06-15-39-30-041	3040	0	0	194.0	435.0

2019-03-06-15-39-30-121	3041	0	1	194.0	435.0

2019-03-06-15-39-30-219	3042	0	0	1585.0	630.0

2019-03-06-15-39-30-264	3043	0	1	1585.0	630.0

2019-03-06-15-39-30-500	3044	0	0	1205.0	819.0

2019-03-06-15-39-30-581	3045	0	1	1205.0	819.0

2019-03-06-15-39-32-801	3046	0	0	954.0	402.0

2019-03-06-15-39-32-873	3047	0	1	954.0	402.0

2019-03-06-15-39-32-996	3048	0	0	1648.0	175.0

2019-03-06-15-39-33-086	3049	0	1	1648.0	175.0

2019-03-06-15-39-33-175	3050	0	0	1471.0	199.0

2019-03-06-15-39-33-248	3051	0	1	1471.0	199.0

2019-03-06-15-39-33-431	3052	0	0	1346.0	574.0

2019-03-06-15-39-33-499	3053	0	1	1342.0	593.0

2019-03-06-15-39-33-554	3054	0	0	952.0	408.0

2019-03-06-15-39-33-622	3055	0	1	952.0	408.0

2019-03-06-15-39-33-676	3056	0	0	1226.0	829.0

2019-03-06-15-39-33-748	3057	0	1	1226.0	829.0

2019-03-06-15-39-34-102	3058	0	0	891.0	169.0

2019-03-06-15-39-34-212	3059	0	1	891.0	169.0

2019-03-06-15-39-34-299	3060	0	0	1651.0	256.0

2019-03-06-15-39-34-375	3061	0	1	1651.0	256.0

2019-03-06-15-39-34-727	3062	0	0	1273.0	875.0

2019-03-06-15-39-34-821	3063	0	1	1273.0	875.0

2019-03-06-15-39-35-147	3064	0	0	858.0	185.0

2019-03-06-15-39-35-212	3065	0	1	858.0	185.0

2019-03-06-15-39-35-307	3066	0	0	1034.0	166.0

2019-03-06-15-39-35-374	3067	0	1	1034.0	166.0

2019-03-06-15-39-35-402	3068	0	0	1771.0	162.0

2019-03-06-15-39-35-497	3069	0	1	1771.0	162.0

2019-03-06-15-39-35-906	3070	0	0	512.0	169.0

2019-03-06-15-39-35-954	3071	0	1	512.0	169.0

2019-03-06-15-39-37-080	3072	0	0	1261.0	859.0

2019-03-06-15-39-37-176	3073	0	1	1261.0	859.0

2019-03-06-15-39-37-523	3074	0	0	1487.0	212.0

2019-03-06-15-39-37-591	3075	0	1	1484.0	220.0

2019-03-06-15-39-37-840	3076	0	0	1369.0	629.0

2019-03-06-15-39-37-907	3077	0	1	1369.0	629.0

2019-03-06-15-39-38-029	3078	0	0	1279.0	814.0

2019-03-06-15-39-38-076	3079	0	1	1279.0	814.0

2019-03-06-15-39-38-411	3080	0	0	1275.0	196.0

2019-03-06-15-39-38-498	3081	0	1	1275.0	196.0

2019-03-06-15-39-38-715	3082	0	0	1349.0	629.0

2019-03-06-15-39-38-790	3083	0	1	1349.0	629.0

2019-03-06-15-39-39-001	3084	0	0	1401.0	243.0

2019-03-06-15-39-39-113	3085	0	1	1401.0	243.0

2019-03-06-15-39-39-324	3086	0	0	832.0	234.0

2019-03-06-15-39-39-398	3087	0	1	832.0	234.0

2019-03-06-15-39-39-508	3088	0	0	1000.0	191.0

2019-03-06-15-39-39-577	3089	0	1	1000.0	191.0

2019-03-06-15-39-39-740	3090	0	0	1245.0	833.0

2019-03-06-15-39-39-812	3091	0	1	1245.0	833.0

2019-03-06-15-39-41-047	3092	0	0	1135.0	418.0

2019-03-06-15-39-41-156	3093	0	1	1135.0	418.0

2019-03-06-15-39-41-576	3094	0	0	539.0	246.0

2019-03-06-15-39-41-692	3095	0	1	539.0	246.0

2019-03-06-15-39-41-957	3096	0	0	1727.0	431.0

2019-03-06-15-39-42-010	3097	0	1	1727.0	431.0

2019-03-06-15-39-42-097	3098	0	0	1702.0	429.0

2019-03-06-15-39-42-173	3099	0	1	1702.0	429.0

2019-03-06-15-39-42-332	3100	0	0	1617.0	192.0

2019-03-06-15-39-42-419	3101	0	1	1617.0	192.0

2019-03-06-15-39-42-680	3102	0	0	1155.0	865.0

2019-03-06-15-39-42-768	3103	0	1	1155.0	865.0

2019-03-06-15-39-43-048	3104	0	0	1781.0	196.0

2019-03-06-15-39-43-162	3105	0	1	1781.0	196.0

2019-03-06-15-39-43-756	3106	0	0	1719.0	369.0

2019-03-06-15-39-43-826	3107	0	1	1719.0	369.0

2019-03-06-15-39-44-086	3108	0	0	451.0	238.0

2019-03-06-15-39-44-158	3109	0	1	451.0	238.0

2019-03-06-15-39-44-350	3110	0	0	217.0	365.0

2019-03-06-15-39-44-437	3111	0	1	217.0	365.0

2019-03-06-15-39-44-516	3112	0	0	370.0	375.0

2019-03-06-15-39-44-566	3113	0	1	370.0	375.0

2019-03-06-15-39-44-682	3114	0	0	466.0	239.0

2019-03-06-15-39-44-749	3115	0	1	466.0	239.0

2019-03-06-15-39-44-944	3116	0	0	1175.0	857.0

2019-03-06-15-39-45-053	3117	0	1	1175.0	857.0

2019-03-06-15-39-45-618	3118	0	0	1166.0	441.0

2019-03-06-15-39-45-687	3119	0	1	1166.0	441.0

2019-03-06-15-39-45-938	3120	0	0	488.0	217.0

2019-03-06-15-39-46-051	3121	0	1	488.0	217.0

2019-03-06-15-39-46-110	3122	0	0	1748.0	399.0

2019-03-06-15-39-46-198	3123	0	1	1748.0	399.0

2019-03-06-15-39-46-350	3124	0	0	1836.0	193.0

2019-03-06-15-39-46-419	3125	0	1	1836.0	193.0

2019-03-06-15-39-46-675	3126	0	0	1193.0	848.0

2019-03-06-15-39-46-727	3127	0	1	1193.0	848.0

2019-03-06-15-39-47-015	3128	0	0	1468.0	198.0

2019-03-06-15-39-47-128	3129	0	1	1458.0	222.0

2019-03-06-15-39-47-472	3130	0	0	830.0	216.0

2019-03-06-15-39-47-523	3131	0	1	830.0	216.0

2019-03-06-15-39-47-900	3132	0	0	1155.0	762.0

2019-03-06-15-39-47-972	3133	0	1	1155.0	762.0

2019-03-06-15-39-48-163	3134	0	0	1440.0	235.0

2019-03-06-15-39-48-213	3135	0	1	1440.0	235.0

2019-03-06-15-39-48-331	3136	0	0	360.0	415.0

2019-03-06-15-39-48-362	3137	0	1	360.0	415.0

2019-03-06-15-39-48-468	3138	0	0	1186.0	791.0

2019-03-06-15-39-48-520	3139	0	1	1186.0	791.0

2019-03-06-15-39-48-556	3140	0	0	136.0	425.0

2019-03-06-15-39-48-654	3141	0	1	136.0	425.0

2019-03-06-15-39-48-684	3142	0	0	1182.0	841.0

2019-03-06-15-39-48-733	3143	0	1	1182.0	841.0

2019-03-06-15-39-49-478	3144	0	0	1014.0	649.0

2019-03-06-15-39-49-571	3145	0	1	1014.0	649.0

2019-03-06-15-39-49-774	3146	0	0	471.0	232.0

2019-03-06-15-39-49-879	3147	0	1	471.0	232.0

2019-03-06-15-39-50-078	3148	0	0	644.0	182.0

2019-03-06-15-39-50-106	3149	0	1	644.0	182.0

2019-03-06-15-39-50-239	3150	0	0	1064.0	196.0

2019-03-06-15-39-50-268	3151	0	1	1064.0	196.0

2019-03-06-15-39-50-518	3152	0	0	1124.0	850.0

2019-03-06-15-39-50-589	3153	0	1	1124.0	850.0

2019-03-06-15-39-51-698	3154	0	0	1136.0	414.0

2019-03-06-15-39-51-731	3155	0	1	1136.0	414.0

2019-03-06-15-39-52-038	3156	0	0	158.0	427.0

2019-03-06-15-39-52-128	3157	0	1	158.0	427.0

2019-03-06-15-39-52-451	3158	0	0	668.0	240.0

2019-03-06-15-39-52-498	3159	0	1	668.0	240.0

2019-03-06-15-39-52-668	3160	0	0	538.0	413.0

2019-03-06-15-39-52-720	3161	0	1	538.0	413.0

2019-03-06-15-39-52-890	3162	0	0	1146.0	814.0

2019-03-06-15-39-52-977	3163	0	1	1146.0	814.0

2019-03-06-15-39-53-290	3164	0	0	1814.0	202.0

2019-03-06-15-39-53-357	3165	0	1	1814.0	202.0

2019-03-06-15-39-53-492	3166	0	0	667.0	229.0

2019-03-06-15-39-53-566	3167	0	1	667.0	229.0

2019-03-06-15-39-53-614	3168	0	0	1575.0	232.0

2019-03-06-15-39-53-681	3169	0	1	1575.0	232.0

2019-03-06-15-39-53-857	3170	0	0	1353.0	417.0

2019-03-06-15-39-53-908	3171	0	1	1353.0	417.0

2019-03-06-15-39-53-976	3172	0	0	463.0	273.0

2019-03-06-15-39-54-035	3173	0	1	494.0	298.0

2019-03-06-15-39-54-210	3174	0	0	682.0	601.0

2019-03-06-15-39-54-278	3175	0	1	682.0	601.0

2019-03-06-15-39-54-643	3176	0	0	803.0	183.0

2019-03-06-15-39-54-712	3177	0	1	803.0	183.0

2019-03-06-15-39-55-069	3178	0	0	1197.0	815.0

2019-03-06-15-39-55-145	3179	0	1	1197.0	815.0

2019-03-06-15-39-56-467	3180	0	0	1526.0	392.0

2019-03-06-15-39-56-514	3181	0	1	1526.0	392.0

2019-03-06-15-39-59-787	3182	0	0	204.0	415.0

2019-03-06-15-39-59-904	3183	0	1	204.0	415.0

2019-03-06-15-40-00-041	3184	0	0	1350.0	641.0

2019-03-06-15-40-00-091	3185	0	1	1350.0	641.0

2019-03-06-15-40-00-190	3186	0	0	1362.0	636.0

2019-03-06-15-40-00-280	3187	0	1	1362.0	636.0

2019-03-06-15-40-00-448	3188	0	0	1201.0	893.0

2019-03-06-15-40-00-536	3189	0	1	1201.0	893.0

2019-03-06-15-40-00-992	3190	0	0	1417.0	245.0

2019-03-06-15-40-01-085	3191	0	1	1417.0	245.0

2019-03-06-15-40-01-447	3192	0	0	721.0	627.0

2019-03-06-15-40-01-526	3193	0	1	721.0	627.0

2019-03-06-15-40-01-614	3194	0	0	1188.0	442.0

2019-03-06-15-40-01-690	3195	0	1	1188.0	442.0

2019-03-06-15-40-01-882	3196	0	0	1151.0	807.0

2019-03-06-15-40-01-955	3197	0	1	1151.0	807.0

2019-03-06-15-40-02-137	3198	0	0	1637.0	445.0

2019-03-06-15-40-02-207	3199	0	1	1637.0	445.0

2019-03-06-15-40-02-321	3200	0	0	462.0	227.0

2019-03-06-15-40-02-372	3201	0	1	462.0	227.0

2019-03-06-15-40-02-534	3202	0	0	172.0	393.0

2019-03-06-15-40-02-632	3203	0	1	172.0	393.0

2019-03-06-15-40-03-039	3204	0	0	930.0	618.0

2019-03-06-15-40-03-130	3205	0	1	930.0	618.0

2019-03-06-15-40-03-346	3206	0	0	471.0	191.0

2019-03-06-15-40-03-420	3207	0	1	471.0	191.0

2019-03-06-15-40-03-520	3208	0	0	1114.0	837.0

2019-03-06-15-40-03-590	3209	0	1	1114.0	837.0

2019-03-06-15-40-04-131	3210	0	0	1453.0	224.0

2019-03-06-15-40-04-207	3211	0	1	1453.0	224.0

2019-03-06-15-40-04-507	3212	0	0	800.0	202.0

2019-03-06-15-40-04-607	3213	0	1	800.0	202.0

2019-03-06-15-40-04-740	3214	0	0	1200.0	873.0

2019-03-06-15-40-04-788	3215	0	1	1200.0	873.0

2019-03-06-15-40-05-579	3216	0	0	800.0	213.0

2019-03-06-15-40-05-657	3217	0	1	800.0	213.0

2019-03-06-15-40-05-686	3218	0	0	1181.0	411.0

2019-03-06-15-40-05-742	3219	0	1	1181.0	411.0

2019-03-06-15-40-05-878	3220	0	0	1372.0	264.0

2019-03-06-15-40-05-930	3221	0	1	1383.0	259.0

2019-03-06-15-40-06-074	3222	0	0	360.0	396.0

2019-03-06-15-40-06-103	3223	0	1	360.0	396.0

2019-03-06-15-40-06-150	3224	0	0	1090.0	740.0

2019-03-06-15-40-06-205	3225	0	1	1090.0	740.0

2019-03-06-15-40-06-411	3226	0	0	1466.0	233.0

2019-03-06-15-40-06-445	3227	0	1	1466.0	233.0

2019-03-06-15-40-06-575	3228	0	0	387.0	426.0

2019-03-06-15-40-06-625	3229	0	1	387.0	426.0

2019-03-06-15-40-06-702	3230	0	0	1142.0	804.0

2019-03-06-15-40-06-772	3231	0	1	1142.0	804.0

2019-03-06-15-40-06-931	3232	0	0	376.0	415.0

2019-03-06-15-40-06-979	3233	0	1	376.0	415.0

2019-03-06-15-40-07-013	3234	0	0	1584.0	236.0

2019-03-06-15-40-07-070	3235	0	1	1584.0	236.0

2019-03-06-15-40-07-288	3236	0	0	1144.0	828.0

2019-03-06-15-40-07-359	3237	0	1	1143.0	819.0

2019-03-06-15-40-07-567	3238	0	0	1147.0	433.0

2019-03-06-15-40-07-625	3239	0	1	1147.0	433.0

2019-03-06-15-40-07-679	3240	0	0	194.0	405.0

2019-03-06-15-40-07-751	3241	0	1	194.0	405.0

2019-03-06-15-40-07-956	3242	0	0	691.0	208.0

2019-03-06-15-40-08-034	3243	0	1	691.0	208.0

2019-03-06-15-40-08-133	3244	0	0	508.0	382.0

2019-03-06-15-40-08-200	3245	0	1	508.0	382.0

2019-03-06-15-40-08-230	3246	0	0	1177.0	833.0

2019-03-06-15-40-08-305	3247	0	1	1177.0	833.0

2019-03-06-15-40-08-537	3248	0	0	830.0	176.0

2019-03-06-15-40-08-610	3249	0	1	830.0	176.0

2019-03-06-15-40-08-773	3250	0	0	1191.0	447.0

2019-03-06-15-40-08-822	3251	0	1	1191.0	447.0

2019-03-06-15-40-08-957	3252	0	0	193.0	413.0

2019-03-06-15-40-09-024	3253	0	1	193.0	413.0

2019-03-06-15-40-09-080	3254	0	0	947.0	200.0

2019-03-06-15-40-09-171	3255	0	1	947.0	200.0

2019-03-06-15-40-09-453	3256	0	0	1082.0	941.0

2019-03-06-15-40-09-521	3257	0	1	1082.0	941.0

2019-03-06-15-40-09-835	3258	0	0	1459.0	225.0

2019-03-06-15-40-09-931	3259	0	1	1459.0	225.0

2019-03-06-15-40-10-184	3260	0	0	1189.0	796.0

2019-03-06-15-40-10-276	3261	0	1	1189.0	796.0

2019-03-06-15-40-10-416	3262	0	0	554.0	404.0

2019-03-06-15-40-10-485	3263	0	1	572.0	405.0

2019-03-06-15-40-10-581	3264	0	0	1664.0	221.0

2019-03-06-15-40-10-671	3265	0	1	1664.0	221.0

2019-03-06-15-40-10-812	3266	0	0	1367.0	590.0

2019-03-06-15-40-10-887	3267	0	1	1367.0	590.0

2019-03-06-15-40-10-940	3268	0	0	831.0	197.0

2019-03-06-15-40-11-042	3269	0	1	831.0	197.0

2019-03-06-15-40-11-093	3270	0	0	1197.0	874.0

2019-03-06-15-40-11-143	3271	0	1	1197.0	874.0

2019-03-06-15-40-11-281	3272	0	0	830.0	182.0

2019-03-06-15-40-11-356	3273	0	1	830.0	182.0

2019-03-06-15-40-11-605	3274	0	0	1176.0	406.0

2019-03-06-15-40-11-678	3275	0	1	1176.0	406.0

2019-03-06-15-40-11-890	3276	0	0	1428.0	194.0

2019-03-06-15-40-11-987	3277	0	1	1428.0	194.0

2019-03-06-15-40-12-231	3278	0	0	1390.0	575.0

2019-03-06-15-40-12-296	3279	0	1	1390.0	575.0

2019-03-06-15-40-12-450	3280	0	0	1556.0	418.0

2019-03-06-15-40-12-476	3281	0	1	1556.0	418.0

2019-03-06-15-40-12-837	3282	0	0	1206.0	836.0

2019-03-06-15-40-12-947	3283	0	1	1206.0	836.0

2019-03-06-15-40-13-199	3284	0	0	1412.0	250.0

2019-03-06-15-40-13-312	3285	0	1	1412.0	250.0

2019-03-06-15-40-13-443	3286	0	0	824.0	225.0

2019-03-06-15-40-13-547	3287	0	1	824.0	225.0

2019-03-06-15-40-13-603	3288	0	0	1167.0	842.0

2019-03-06-15-40-13-652	3289	0	1	1174.0	831.0

2019-03-06-15-40-13-875	3290	0	0	1425.0	230.0

2019-03-06-15-40-13-981	3291	0	1	1389.0	290.0

2019-03-06-15-40-14-048	3292	0	0	403.0	427.0

2019-03-06-15-40-14-140	3293	0	1	403.0	427.0

2019-03-06-15-40-14-168	3294	0	0	1156.0	760.0

2019-03-06-15-40-14-217	3295	0	1	1156.0	760.0

2019-03-06-15-40-14-380	3296	0	0	251.0	228.0

2019-03-06-15-40-14-453	3297	0	1	251.0	228.0

2019-03-06-15-40-14-520	3298	0	0	1576.0	228.0

2019-03-06-15-40-14-612	3299	0	1	1576.0	228.0

2019-03-06-15-40-14-697	3300	0	0	617.0	176.0

2019-03-06-15-40-14-786	3301	0	1	628.0	179.0

2019-03-06-15-40-14-963	3302	0	0	815.0	155.0

2019-03-06-15-40-15-056	3303	0	1	815.0	155.0

2019-03-06-15-40-15-086	3304	0	0	1176.0	422.0

2019-03-06-15-40-15-137	3305	0	1	1173.0	435.0

2019-03-06-15-40-15-298	3306	0	0	1096.0	838.0

2019-03-06-15-40-15-376	3307	0	1	1096.0	838.0

2019-03-06-15-40-15-535	3308	0	0	577.0	388.0

2019-03-06-15-40-15-582	3309	0	1	577.0	388.0

2019-03-06-15-40-15-740	3310	0	0	1574.0	256.0

2019-03-06-15-40-15-788	3311	0	1	1574.0	256.0

2019-03-06-15-40-15-968	3312	0	0	1422.0	206.0

2019-03-06-15-40-16-037	3313	0	1	1422.0	206.0

2019-03-06-15-40-16-212	3314	0	0	1328.0	584.0

2019-03-06-15-40-16-262	3315	0	1	1328.0	584.0

2019-03-06-15-40-16-417	3316	0	0	942.0	372.0

2019-03-06-15-40-16-496	3317	0	1	942.0	372.0

2019-03-06-15-40-16-533	3318	0	0	1236.0	843.0

2019-03-06-15-40-16-585	3319	0	1	1236.0	843.0

2019-03-06-15-40-16-876	3320	0	0	1481.0	205.0

2019-03-06-15-40-16-963	3321	0	1	1481.0	205.0

2019-03-06-15-40-17-140	3322	0	0	766.0	150.0

2019-03-06-15-40-17-250	3323	0	1	766.0	150.0

2019-03-06-15-40-17-707	3324	0	0	836.0	172.0

2019-03-06-15-40-17-800	3325	0	1	836.0	172.0

2019-03-06-15-40-17-889	3326	0	0	1184.0	858.0

2019-03-06-15-40-17-978	3327	0	1	1184.0	858.0

2019-03-06-15-40-18-423	3328	0	0	792.0	171.0

2019-03-06-15-40-18-491	3329	0	1	792.0	171.0

2019-03-06-15-40-18-887	3330	0	0	449.0	219.0

2019-03-06-15-40-18-975	3331	0	1	449.0	219.0

2019-03-06-15-40-19-451	3332	0	0	157.0	163.0

2019-03-06-15-40-19-498	3333	0	1	157.0	163.0

2019-03-06-15-40-19-633	3334	0	0	1775.0	149.0

2019-03-06-15-40-19-731	3335	0	1	1790.0	140.0

2019-03-06-15-40-19-874	3336	0	0	209.0	355.0

2019-03-06-15-40-19-966	3337	0	1	209.0	355.0
3338	0	0	1620.0	154.0

2019-03-06-15-40-20-069	3339	0	1	1614.9352	160.06482

2019-03-06-15-40-20-180	3340	0	0	486.0	410.0

2019-03-06-15-40-20-289	3341	0	1	486.0	410.0

2019-03-06-15-40-20-319	3342	0	0	1360.0	424.0

2019-03-06-15-40-20-437	3343	0	1	1360.0	424.0

2019-03-06-15-40-21-040	3344	0	0	750.0	621.0

2019-03-06-15-40-21-128	3345	0	1	750.0	621.0

2019-03-06-15-40-21-226	3346	0	0	1210.0	621.0

2019-03-06-15-40-21-338	3347	0	1	1210.0	621.0

2019-03-06-15-40-21-546	3348	0	0	489.0	581.0

2019-03-06-15-40-21-667	3349	0	1	489.0	581.0

2019-03-06-15-40-21-696	3350	0	0	1444.0	487.0

2019-03-06-15-40-21-802	3351	0	1	1444.0	487.0

2019-03-06-15-40-21-876	3352	0	0	301.0	425.0

2019-03-06-15-40-21-996	3353	0	1	301.0	425.0

2019-03-06-15-40-22-063	3354	0	0	1654.0	395.0

2019-03-06-15-40-22-174	3355	0	1	1654.0	395.0

2019-03-06-15-40-22-286	3356	0	0	154.0	165.0

2019-03-06-15-40-22-395	3357	0	1	154.0	165.0

2019-03-06-15-40-22-494	3358	0	0	1797.0	163.0

2019-03-06-15-40-22-626	3359	0	1	1797.0	163.0

2019-03-06-15-40-22-837	3360	0	0	516.0	233.0

2019-03-06-15-40-22-936	3361	0	1	516.0	233.0

2019-03-06-15-40-22-963	3362	0	0	1499.0	232.0

2019-03-06-15-40-23-073	3363	0	1	1499.0	232.0

2019-03-06-15-40-23-148	3364	0	0	665.0	403.0

2019-03-06-15-40-23-281	3365	0	1	665.0	403.0

2019-03-06-15-40-23-290	3366	0	0	1301.0	417.0

2019-03-06-15-40-23-399	3367	0	1	1301.0	417.0

2019-03-06-15-40-23-575	3368	0	0	770.0	576.0

2019-03-06-15-40-23-686	3369	0	1	770.0	576.0

2019-03-06-15-40-23-762	3370	0	0	1223.0	626.0

2019-03-06-15-40-23-851	3371	0	1	1223.0	626.0

2019-03-06-15-40-23-963	3372	0	0	577.0	627.0

2019-03-06-15-40-24-078	3373	0	1	577.0	627.0

2019-03-06-15-40-24-168	3374	0	0	1393.0	576.0

2019-03-06-15-40-24-244	3375	0	1	1393.0	576.0

2019-03-06-15-40-24-350	3376	0	0	471.0	608.0

2019-03-06-15-40-24-445	3377	0	1	471.0	608.0

2019-03-06-15-40-24-576	3378	0	0	1690.0	351.0

2019-03-06-15-40-24-689	3379	0	1	1690.0	351.0

2019-03-06-15-40-25-055	3380	0	0	94.0	162.0

2019-03-06-15-40-25-165	3381	0	1	94.0	162.0

2019-03-06-15-40-25-252	3382	0	0	1786.0	141.0

2019-03-06-15-40-25-365	3383	0	1	1786.0	141.0

2019-03-06-15-40-25-473	3384	0	0	369.0	221.0

2019-03-06-15-40-25-560	3385	0	1	369.0	221.0

2019-03-06-15-40-25-588	3386	0	0	1582.0	163.0

2019-03-06-15-40-25-649	3387	0	1	1582.0	167.0

2019-03-06-15-40-25-856	3388	0	0	607.0	337.0

2019-03-06-15-40-25-940	3389	0	1	607.0	337.0

2019-03-06-15-40-25-995	3390	0	0	1327.0	387.0

2019-03-06-15-40-26-100	3391	0	1	1327.0	387.0

2019-03-06-15-40-26-276	3392	0	0	706.0	429.0

2019-03-06-15-40-26-419	3393	0	1	706.0	429.0

2019-03-06-15-40-26-455	3394	0	0	1221.0	505.0

2019-03-06-15-40-26-582	3395	0	1	1221.0	505.0

2019-03-06-15-40-26-669	3396	0	0	608.0	562.0

2019-03-06-15-40-26-767	3397	0	1	608.0	562.0

2019-03-06-15-40-26-853	3398	0	0	1383.0	446.0

2019-03-06-15-40-26-948	3399	0	1	1383.0	446.0

2019-03-06-15-40-27-113	3400	0	0	354.0	412.0

2019-03-06-15-40-27-160	3401	0	1	354.0	412.0

2019-03-06-15-40-27-270	3402	0	0	1630.0	349.0

2019-03-06-15-40-27-400	3403	0	1	1630.0	349.0

2019-03-06-15-40-27-526	3404	0	0	169.0	381.0

2019-03-06-15-40-27-611	3405	0	1	169.0	381.0

2019-03-06-15-40-27-719	3406	0	0	1772.0	343.0

2019-03-06-15-40-27-806	3407	0	1	1772.0	343.0

2019-03-06-15-40-27-957	3408	0	0	116.0	195.0

2019-03-06-15-40-28-031	3409	0	1	116.0	195.0

2019-03-06-15-40-28-117	3410	0	0	1755.0	174.0

2019-03-06-15-40-28-213	3411	0	1	1755.0	174.0

2019-03-06-15-40-28-282	3412	0	0	296.0	171.0

2019-03-06-15-40-28-353	3413	0	1	296.0	171.0

2019-03-06-15-40-28-443	3414	0	0	1613.0	160.0

2019-03-06-15-40-28-538	3415	0	1	1613.0	160.0

2019-03-06-15-40-28-764	3416	0	0	526.0	165.0

2019-03-06-15-40-28-841	3417	0	1	526.0	165.0

2019-03-06-15-40-28-870	3418	0	0	1464.0	174.0

2019-03-06-15-40-28-948	3419	0	1	1464.0	174.0

2019-03-06-15-40-29-241	3420	0	0	543.0	374.0

2019-03-06-15-40-29-336	3421	0	1	543.0	374.0

2019-03-06-15-40-29-431	3422	0	0	1365.0	406.0

2019-03-06-15-40-29-503	3423	0	1	1365.0	406.0

2019-03-06-15-40-29-644	3424	0	0	742.0	376.0

2019-03-06-15-40-29-716	3425	0	1	742.0	376.0

2019-03-06-15-40-29-794	3426	0	0	1212.0	381.0

2019-03-06-15-40-29-889	3427	0	1	1212.0	381.0

2019-03-06-15-40-30-083	3428	0	0	919.0	390.0

2019-03-06-15-40-30-189	3429	0	1	919.0	390.0

2019-03-06-15-40-30-364	3430	0	0	1175.0	701.0

2019-03-06-15-40-30-452	3431	0	1	1175.0	701.0

2019-03-06-15-40-30-683	3432	0	0	895.0	628.0

2019-03-06-15-40-30-770	3433	0	1	895.0	628.0

2019-03-06-15-40-31-015	3434	0	0	1399.0	594.0

2019-03-06-15-40-31-062	3435	0	1	1399.0	594.0

2019-03-06-15-40-31-148	3436	0	0	695.0	603.0

2019-03-06-15-40-31-224	3437	0	1	695.0	603.0

2019-03-06-15-40-31-379	3438	0	0	548.0	603.0

2019-03-06-15-40-31-455	3439	0	1	548.0	603.0

2019-03-06-15-40-31-551	3440	0	0	1712.0	395.0

2019-03-06-15-40-31-657	3441	0	1	1712.0	395.0

2019-03-06-15-40-31-767	3442	0	0	255.0	465.0

2019-03-06-15-40-31-878	3443	0	1	255.0	465.0

2019-03-06-15-40-31-908	3444	0	0	1560.0	391.0

2019-03-06-15-40-31-995	3445	0	1	1560.0	391.0

2019-03-06-15-40-32-025	3446	0	0	365.0	385.0

2019-03-06-15-40-32-103	3447	0	1	365.0	385.0

2019-03-06-15-40-32-260	3448	0	0	1398.0	389.0

2019-03-06-15-40-32-357	3449	0	1	1398.0	389.0

2019-03-06-15-40-32-467	3450	0	0	599.0	381.0

2019-03-06-15-40-32-581	3451	0	1	599.0	381.0

2019-03-06-15-40-32-780	3452	0	0	1226.0	368.0

2019-03-06-15-40-32-850	3453	0	1	1226.0	368.0

2019-03-06-15-40-32-940	3454	0	0	751.0	402.0

2019-03-06-15-40-32-997	3455	0	1	751.0	402.0

2019-03-06-15-40-33-109	3456	0	0	927.0	368.0

2019-03-06-15-40-33-205	3457	0	1	927.0	368.0

2019-03-06-15-40-33-386	3458	0	0	943.0	628.0

2019-03-06-15-40-33-488	3459	0	1	943.0	628.0

2019-03-06-15-40-33-637	3460	0	0	732.0	611.0

2019-03-06-15-40-33-726	3461	0	1	732.0	611.0

2019-03-06-15-40-33-781	3462	0	0	1321.0	629.0

2019-03-06-15-40-33-874	3463	0	1	1321.0	629.0

2019-03-06-15-40-33-966	3464	0	0	548.0	618.0

2019-03-06-15-40-34-074	3465	0	1	548.0	618.0

2019-03-06-15-40-34-189	3466	0	0	1544.0	608.0

2019-03-06-15-40-34-284	3467	0	1	1544.0	608.0

2019-03-06-15-40-34-495	3468	0	0	356.0	589.0

2019-03-06-15-40-34-582	3469	0	1	356.0	589.0

2019-03-06-15-40-34-714	3470	0	0	1699.0	419.0

2019-03-06-15-40-34-817	3471	0	1	1699.0	419.0

2019-03-06-15-40-35-411	3472	0	0	1534.0	612.0

2019-03-06-15-40-35-478	3473	0	1	1534.0	612.0

2019-03-06-15-40-35-672	3474	0	0	163.0	445.0

2019-03-06-15-40-35-724	3475	0	1	163.0	445.0

2019-03-06-15-40-35-756	3476	0	0	1398.0	571.0

2019-03-06-15-40-35-824	3477	0	1	1398.0	571.0

2019-03-06-15-40-35-964	3478	0	0	1397.0	599.0

2019-03-06-15-40-36-052	3479	0	1	1397.0	599.0

2019-03-06-15-40-36-364	3480	0	0	1151.0	868.0

2019-03-06-15-40-36-451	3481	0	1	1151.0	868.0

2019-03-06-15-40-36-872	3482	0	0	1436.0	252.0

2019-03-06-15-40-36-945	3483	0	1	1436.0	252.0

2019-03-06-15-40-37-233	3484	0	0	1213.0	853.0

2019-03-06-15-40-37-283	3485	0	1	1213.0	853.0

2019-03-06-15-40-37-801	3486	0	0	239.0	215.0

2019-03-06-15-40-37-852	3487	0	1	239.0	215.0

2019-03-06-15-40-38-000	3488	0	0	154.0	395.0

2019-03-06-15-40-38-009	3489	0	5	1360.0	581.0

2019-03-06-15-40-38-040	3490	0	6	154.0	395.0

2019-03-06-15-40-38-109	3491	0	1	1360.0	581.0

2019-03-06-15-40-38-359	3492	0	0	736.0	190.0

2019-03-06-15-40-38-451	3493	0	1	760.0	198.0

2019-03-06-15-40-38-488	3494	0	0	1204.0	852.0

2019-03-06-15-40-38-539	3495	0	1	1204.0	852.0

2019-03-06-15-40-38-609	3496	0	0	790.0	159.0

2019-03-06-15-40-38-691	3497	0	1	790.0	159.0

2019-03-06-15-40-38-786	3498	0	0	1638.0	196.0

2019-03-06-15-40-38-838	3499	0	1	1638.0	196.0

2019-03-06-15-40-39-019	3500	0	0	1219.0	770.0

2019-03-06-15-40-39-072	3501	0	1	1219.0	770.0

2019-03-06-15-40-39-330	3502	0	0	901.0	409.0

2019-03-06-15-40-39-377	3503	0	1	901.0	409.0

2019-03-06-15-40-39-428	3504	0	0	1627.0	235.0

2019-03-06-15-40-39-486	3505	0	1	1627.0	235.0

2019-03-06-15-40-39-639	3506	0	0	1224.0	837.0

2019-03-06-15-40-39-689	3507	0	1	1224.0	837.0

2019-03-06-15-40-39-921	3508	0	0	995.0	409.0

2019-03-06-15-40-40-011	3509	0	1	995.0	409.0

2019-03-06-15-40-40-067	3510	0	0	1618.0	192.0

2019-03-06-15-40-40-096	3511	0	1	1618.0	192.0

2019-03-06-15-40-41-036	3512	0	0	1101.0	361.0

2019-03-06-15-40-41-085	3513	0	1	1101.0	361.0

2019-03-06-15-40-41-217	3514	0	0	1647.0	208.0

2019-03-06-15-40-41-280	3515	0	1	1647.0	208.0

2019-03-06-15-40-41-405	3516	0	0	1493.0	563.0

2019-03-06-15-40-41-454	3517	0	1	1493.0	563.0

2019-03-06-15-40-41-540	3518	0	0	432.0	152.0

2019-03-06-15-40-41-618	3519	0	1	470.5881	165.16803

2019-03-06-15-40-42-197	3520	0	0	1188.0	834.0

2019-03-06-15-40-42-264	3521	0	1	1188.0	834.0

2019-03-06-15-40-42-668	3522	0	0	764.0	290.0

2019-03-06-15-40-42-753	3523	0	1	781.0	293.0

2019-03-06-15-40-42-817	3524	0	0	1115.0	461.0

2019-03-06-15-40-42-891	3525	0	1	1115.0	461.0

2019-03-06-15-40-43-160	3526	0	0	1386.0	286.0

2019-03-06-15-40-43-247	3527	0	1	1386.0	286.0

2019-03-06-15-40-43-333	3528	0	0	452.0	483.0

2019-03-06-15-40-43-390	3529	0	1	452.0	483.0

2019-03-06-15-40-43-494	3530	0	0	1139.0	784.0

2019-03-06-15-40-43-571	3531	0	1	1139.0	784.0

2019-03-06-15-40-43-761	3532	0	0	1332.0	319.0

2019-03-06-15-40-43-846	3533	0	1	1332.0	319.0

2019-03-06-15-40-44-019	3534	0	0	392.0	443.0

2019-03-06-15-40-44-086	3535	0	1	392.0	443.0

2019-03-06-15-40-44-180	3536	0	0	1183.0	838.0

2019-03-06-15-40-44-248	3537	0	1	1183.0	838.0

2019-03-06-15-40-45-988	3538	0	0	292.0	202.0

2019-03-06-15-40-46-038	3539	0	1	292.0	202.0

2019-03-06-15-40-46-173	3540	0	0	112.0	340.0

2019-03-06-15-40-46-269	3541	0	1	112.0	340.0

2019-03-06-15-40-46-318	3542	0	0	1092.0	200.0

2019-03-06-15-40-46-419	3543	0	1	1092.0	200.0

2019-03-06-15-40-46-606	3544	0	0	1109.0	873.0

2019-03-06-15-40-46-676	3545	0	1	1109.0	873.0

2019-03-06-15-40-46-944	3546	0	0	836.0	183.0

2019-03-06-15-40-47-041	3547	0	1	836.0	183.0

2019-03-06-15-40-47-114	3548	0	0	1640.0	177.0

2019-03-06-15-40-47-165	3549	0	1	1640.0	177.0

2019-03-06-15-40-47-260	3550	0	0	1641.0	178.0

2019-03-06-15-40-47-309	3551	0	1	1632.8588	194.28258

2019-03-06-15-40-47-522	3552	0	0	1173.0	878.0

2019-03-06-15-40-47-571	3553	0	1	1173.0	878.0

2019-03-06-15-40-47-778	3554	0	0	1163.0	398.0

2019-03-06-15-40-47-866	3555	0	1	1163.0	398.0

2019-03-06-15-40-47-895	3556	0	0	117.0	392.0

2019-03-06-15-40-47-973	3557	0	1	117.0	392.0

2019-03-06-15-40-48-178	3558	0	0	692.0	196.0

2019-03-06-15-40-48-247	3559	0	1	692.0	196.0

2019-03-06-15-40-48-350	3560	0	0	525.0	368.0

2019-03-06-15-40-48-399	3561	0	1	525.0	368.0

2019-03-06-15-40-48-448	3562	0	0	1126.0	819.0

2019-03-06-15-40-48-523	3563	0	1	1126.0	819.0

2019-03-06-15-40-48-617	3564	0	0	773.0	375.0

2019-03-06-15-40-48-695	3565	0	1	773.0	375.0

2019-03-06-15-40-48-724	3566	0	0	1557.0	242.0

2019-03-06-15-40-48-795	3567	0	1	1556.0	255.0

2019-03-06-15-40-48-825	3568	0	0	640.0	222.0

2019-03-06-15-40-48-928	3569	0	1	640.0	222.0

2019-03-06-15-40-48-979	3570	0	0	1163.0	846.0

2019-03-06-15-40-49-056	3571	0	1	1163.0	846.0

2019-03-06-15-40-49-252	3572	0	0	1500.0	642.0

2019-03-06-15-40-49-328	3573	0	1	1527.0	647.0

2019-03-06-15-40-49-541	3574	0	0	438.0	209.0

2019-03-06-15-40-49-610	3575	0	1	438.0	209.0

2019-03-06-15-40-49-748	3576	0	0	1239.0	825.0

2019-03-06-15-40-49-838	3577	0	1	1239.0	825.0

2019-03-06-15-40-50-618	3578	0	0	785.0	167.0

2019-03-06-15-40-50-813	3579	0	1	814.0	145.0

2019-03-06-15-40-51-285	3580	0	0	1690.0	205.0

2019-03-06-15-40-51-455	3581	0	1	1688.0	209.0

2019-03-06-15-40-52-000	3582	0	0	889.0	132.0

2019-03-06-15-40-52-248	3583	0	1	883.0	137.0

2019-03-06-15-40-52-529	3584	0	0	1645.0	180.0

2019-03-06-15-40-52-723	3585	0	1	1645.0	180.0

2019-03-06-15-40-53-110	3586	0	0	442.0	496.0

2019-03-06-15-40-53-270	3587	0	1	442.0	496.0

2019-03-06-15-40-53-646	3588	0	0	424.0	385.0

2019-03-06-15-40-53-953	3589	0	1	424.0	385.0

2019-03-06-15-40-54-897	3590	0	0	567.0	388.0

2019-03-06-15-40-56-106	3591	0	1	556.0	395.0

2019-03-06-15-40-56-638	3592	0	0	35.0	389.0

2019-03-06-15-40-57-599	3593	0	1	64.0	395.0

2019-03-06-15-41-02-772	3594	0	0	180.0	405.0

2019-03-06-15-41-02-865	3595	0	1	180.0	405.0

2019-03-06-15-41-03-096	3596	0	0	1087.0	177.0

2019-03-06-15-41-03-211	3597	0	1	1087.0	177.0

2019-03-06-15-41-03-452	3598	0	0	1093.0	872.0

2019-03-06-15-41-03-524	3599	0	1	1093.0	872.0

2019-03-06-15-41-03-839	3600	0	0	1424.0	248.0

2019-03-06-15-41-03-938	3601	0	1	1424.0	248.0

2019-03-06-15-41-04-194	3602	0	0	847.0	192.0

2019-03-06-15-41-04-245	3603	0	1	847.0	192.0

2019-03-06-15-41-04-332	3604	0	0	1182.0	826.0

2019-03-06-15-41-04-390	3605	0	1	1182.0	826.0

2019-03-06-15-41-04-803	3606	0	0	1456.0	232.0

2019-03-06-15-41-04-899	3607	0	1	1456.0	232.0

2019-03-06-15-41-05-031	3608	0	0	346.0	399.0

2019-03-06-15-41-05-099	3609	0	1	346.0	399.0

2019-03-06-15-41-05-167	3610	0	0	1184.0	748.0

2019-03-06-15-41-05-244	3611	0	1	1191.0	744.0

2019-03-06-15-41-05-522	3612	0	0	918.0	386.0

2019-03-06-15-41-05-572	3613	0	1	918.0	386.0

2019-03-06-15-41-05-620	3614	0	0	1639.0	243.0

2019-03-06-15-41-05-715	3615	0	1	1639.0	243.0

2019-03-06-15-41-05-822	3616	0	0	1472.0	236.0

2019-03-06-15-41-05-913	3617	0	1	1472.0	236.0

2019-03-06-15-41-06-041	3618	0	0	1332.0	607.0

2019-03-06-15-41-06-137	3619	0	1	1306.0	681.0

2019-03-06-15-41-06-173	3620	0	0	901.0	389.0

2019-03-06-15-41-06-258	3621	0	1	901.0	389.0

2019-03-06-15-41-06-267	3622	0	0	1214.0	847.0

2019-03-06-15-41-06-327	3623	0	1	1215.0	846.0

2019-03-06-15-41-06-596	3624	0	0	858.0	160.0

2019-03-06-15-41-06-688	3625	0	1	858.0	160.0

2019-03-06-15-41-06-756	3626	0	0	1607.0	191.0

2019-03-06-15-41-06-831	3627	0	1	1607.0	191.0

2019-03-06-15-41-07-021	3628	0	0	1157.0	799.0

2019-03-06-15-41-07-090	3629	0	1	1147.0	812.0

2019-03-06-15-41-07-282	3630	0	0	1138.0	609.0

2019-03-06-15-41-07-329	3631	0	1	1138.0	609.0

2019-03-06-15-41-07-499	3632	0	0	434.0	230.0

2019-03-06-15-41-07-609	3633	0	1	434.0	230.0

2019-03-06-15-41-07-618	3634	0	0	1073.0	889.0

2019-03-06-15-41-07-688	3635	0	1	1073.0	889.0

2019-03-06-15-41-07-984	3636	0	0	1009.0	411.0

2019-03-06-15-41-08-060	3637	0	1	1009.0	411.0

2019-03-06-15-41-08-202	3638	0	0	662.0	201.0

2019-03-06-15-41-08-291	3639	0	1	675.0	207.0

2019-03-06-15-41-08-406	3640	0	0	563.0	188.0

2019-03-06-15-41-08-502	3641	0	1	563.0	188.0

2019-03-06-15-41-08-708	3642	0	0	193.0	337.0

2019-03-06-15-41-08-804	3643	0	1	193.0	337.0

2019-03-06-15-41-09-054	3644	0	0	817.0	186.0

2019-03-06-15-41-09-105	3645	0	1	817.0	186.0

2019-03-06-15-41-09-179	3646	0	0	1160.0	843.0

2019-03-06-15-41-09-261	3647	0	1	1160.0	843.0

2019-03-06-15-41-11-657	3648	0	0	1449.0	199.0

2019-03-06-15-41-11-725	3649	0	1	1449.0	199.0

2019-03-06-15-41-11-957	3650	0	0	1149.0	893.0

2019-03-06-15-41-12-028	3651	0	1	1149.0	893.0

2019-03-06-15-41-12-323	3652	0	0	1155.0	389.0

2019-03-06-15-41-12-412	3653	0	1	1155.0	389.0

2019-03-06-15-41-12-787	3654	0	0	510.0	227.0

2019-03-06-15-41-12-895	3655	0	1	510.0	227.0

2019-03-06-15-41-13-187	3656	0	0	1615.0	183.0

2019-03-06-15-41-13-257	3657	0	1	1615.0	183.0

2019-03-06-15-41-13-339	3658	0	0	1791.0	159.0

2019-03-06-15-41-13-426	3659	0	1	1791.0	159.0

2019-03-06-15-41-13-696	3660	0	0	1722.0	369.0

2019-03-06-15-41-13-745	3661	0	1	1722.0	369.0

2019-03-06-15-41-13-819	3662	0	0	483.0	237.0

2019-03-06-15-41-13-906	3663	0	1	483.0	237.0

2019-03-06-15-41-14-007	3664	0	0	1258.0	792.0

2019-03-06-15-41-14-092	3665	0	1	1258.0	792.0

2019-03-06-15-41-14-363	3666	0	0	404.0	385.0

2019-03-06-15-41-14-451	3667	0	1	404.0	385.0

2019-03-06-15-41-14-460	3668	0	0	1170.0	398.0

2019-03-06-15-41-14-530	3669	0	1	1170.0	398.0

2019-03-06-15-41-14-700	3670	0	0	1563.0	224.0

2019-03-06-15-41-14-786	3671	0	1	1563.0	224.0

2019-03-06-15-41-15-494	3672	0	0	1210.0	801.0

2019-03-06-15-41-15-572	3673	0	1	1210.0	801.0

2019-03-06-15-41-16-698	3674	0	0	630.0	491.0

2019-03-06-15-41-16-800	3675	0	1	630.0	491.0

2019-03-06-15-41-17-249	3676	0	0	817.0	350.0

2019-03-06-15-41-17-342	3677	0	1	817.0	350.0

2019-03-06-15-41-17-414	3678	0	0	1122.0	492.0

2019-03-06-15-41-17-512	3679	0	1	1122.0	492.0

2019-03-06-15-41-17-683	3680	0	0	1329.0	262.0

2019-03-06-15-41-17-775	3681	0	1	1329.0	262.0

2019-03-06-15-41-17-840	3682	0	0	435.0	452.0

2019-03-06-15-41-17-907	3683	0	1	435.0	452.0

2019-03-06-15-41-18-017	3684	0	0	1147.0	730.0

2019-03-06-15-41-18-111	3685	0	1	1147.0	730.0

2019-03-06-15-41-19-175	3686	0	0	1422.0	219.0

2019-03-06-15-41-19-264	3687	0	1	1422.0	219.0

2019-03-06-15-41-19-272	3688	0	0	326.0	403.0

2019-03-06-15-41-19-349	3689	0	1	326.0	403.0

2019-03-06-15-41-19-503	3690	0	0	1158.0	730.0

2019-03-06-15-41-19-593	3691	0	1	1158.0	730.0

2019-03-06-15-41-19-982	3692	0	0	899.0	171.0

2019-03-06-15-41-20-034	3693	0	1	899.0	171.0

2019-03-06-15-41-20-063	3694	0	0	1191.0	388.0

2019-03-06-15-41-20-137	3695	0	1	1191.0	388.0

2019-03-06-15-41-20-252	3696	0	0	1396.0	268.0

2019-03-06-15-41-20-303	3697	0	1	1396.0	268.0

2019-03-06-15-41-20-412	3698	0	0	385.0	448.0

2019-03-06-15-41-20-440	3699	0	1	385.0	448.0

2019-03-06-15-41-20-516	3700	0	0	1146.0	841.0

2019-03-06-15-41-20-545	3701	0	1	1146.0	841.0

2019-03-06-15-41-20-703	3702	0	0	1452.0	199.0

2019-03-06-15-41-20-780	3703	0	1	1452.0	199.0

2019-03-06-15-41-20-912	3704	0	0	373.0	422.0

2019-03-06-15-41-20-983	3705	0	1	373.0	422.0

2019-03-06-15-41-21-074	3706	0	0	1149.0	820.0

2019-03-06-15-41-21-154	3707	0	1	1159.0	814.0

2019-03-06-15-41-21-677	3708	0	0	1652.0	225.0

2019-03-06-15-41-21-770	3709	0	1	1652.0	225.0

2019-03-06-15-41-22-054	3710	0	0	1403.0	647.0

2019-03-06-15-41-22-143	3711	0	1	1403.0	647.0

2019-03-06-15-41-22-748	3712	0	0	313.0	302.0

2019-03-06-15-41-23-468	3713	0	1	294.63986	318.0

2019-03-06-15-41-23-840	3714	0	0	226.0	168.0

2019-03-06-15-41-23-928	3715	0	1	226.0	168.0

2019-03-06-15-41-24-219	3716	0	0	123.0	393.0

2019-03-06-15-41-24-333	3717	0	1	123.0	393.0

2019-03-06-15-41-24-379	3718	0	0	1398.0	539.0

2019-03-06-15-41-24-514	3719	0	1	1398.0	539.0

2019-03-06-15-41-24-721	3720	0	0	709.0	285.0

2019-03-06-15-41-24-831	3721	0	1	709.0	285.0

2019-03-06-15-41-24-937	3722	0	0	1264.0	726.0

2019-03-06-15-41-25-041	3723	0	1	1264.0	726.0

2019-03-06-15-41-25-194	3724	0	0	440.0	414.0

2019-03-06-15-41-25-312	3725	0	1	440.0	414.0

2019-03-06-15-41-25-347	3726	0	0	1515.0	354.0

2019-03-06-15-41-25-396	3727	0	1	1515.0	354.0

2019-03-06-15-41-25-526	3728	0	0	551.0	517.0

2019-03-06-15-41-25-650	3729	0	1	551.0	517.0

2019-03-06-15-41-25-717	3730	0	0	1291.0	331.0

2019-03-06-15-41-25-829	3731	0	1	1291.0	331.0

2019-03-06-15-41-26-014	3732	0	0	610.0	531.0

2019-03-06-15-41-26-135	3733	0	5	1250.0	590.0

2019-03-06-15-41-26-143	3734	0	6	610.0	531.0

2019-03-06-15-41-26-239	3735	0	1	1250.0	590.0

2019-03-06-15-41-26-362	3736	0	0	518.0	356.0

2019-03-06-15-41-26-548	3737	0	1	518.0	354.0

2019-03-06-15-41-26-730	3738	0	0	706.0	361.0

2019-03-06-15-41-26-885	3739	0	1	706.0	361.0

2019-03-06-15-41-26-990	3740	0	0	1382.0	458.0

2019-03-06-15-41-27-095	3741	0	1	1382.0	458.0

2019-03-06-15-41-27-210	3742	0	0	548.0	474.0

2019-03-06-15-41-27-298	3743	0	1	532.9687	481.02084

2019-03-06-15-41-28-175	3744	0	0	391.0	391.0

2019-03-06-15-41-28-248	3745	0	1	391.0	391.0

2019-03-06-15-41-28-573	3746	0	0	170.0	416.0

2019-03-06-15-41-28-640	3747	0	1	170.0	416.0

2019-03-06-15-41-28-732	3748	0	0	1733.0	389.0

2019-03-06-15-41-28-826	3749	0	1	1733.0	389.0

2019-03-06-15-41-29-071	3750	0	0	1544.0	385.0

2019-03-06-15-41-29-146	3751	0	1	1544.0	385.0

2019-03-06-15-41-29-331	3752	0	0	579.0	412.0

2019-03-06-15-41-29-417	3753	0	1	579.0	412.0

2019-03-06-15-41-29-726	3754	0	0	1373.0	379.0

2019-03-06-15-41-29-820	3755	0	1	1373.0	379.0

2019-03-06-15-41-29-947	3756	0	0	698.0	433.0

2019-03-06-15-41-30-035	3757	0	1	698.0	433.0

2019-03-06-15-41-30-226	3758	0	0	905.0	394.0

2019-03-06-15-41-30-312	3759	0	1	905.0	394.0

2019-03-06-15-41-30-491	3760	0	0	1214.0	638.0

2019-03-06-15-41-30-587	3761	0	1	1214.0	638.0

2019-03-06-15-41-30-713	3762	0	0	901.0	657.0

2019-03-06-15-41-30-785	3763	0	1	901.0	657.0

2019-03-06-15-41-30-896	3764	0	0	1360.0	627.0

2019-03-06-15-41-30-968	3765	0	1	1360.0	627.0

2019-03-06-15-41-31-017	3766	0	0	709.0	619.0

2019-03-06-15-41-31-112	3767	0	1	709.0	619.0

2019-03-06-15-41-31-476	3768	0	0	1548.0	595.0

2019-03-06-15-41-31-548	3769	0	1	1548.0	595.0

2019-03-06-15-41-31-955	3770	0	0	377.0	619.0

2019-03-06-15-41-32-072	3771	0	1	377.0	619.0

2019-03-06-15-41-32-124	3772	0	0	1543.0	574.0

2019-03-06-15-41-32-198	3773	0	1	1543.0	574.0

2019-03-06-15-41-32-360	3774	0	0	230.0	422.0

2019-03-06-15-41-32-451	3775	0	1	230.0	422.0

2019-03-06-15-41-32-460	3776	0	0	1777.0	361.0

2019-03-06-15-41-32-538	3777	0	1	1777.0	361.0

2019-03-06-15-41-32-648	3778	0	0	327.0	366.0

2019-03-06-15-41-32-724	3779	0	1	327.0	366.0

2019-03-06-15-41-32-754	3780	0	0	1562.0	398.0

2019-03-06-15-41-32-805	3781	0	1	1562.0	398.0

2019-03-06-15-41-32-903	3782	0	0	547.0	388.0

2019-03-06-15-41-33-000	3783	0	5	1405.0	404.0

2019-03-06-15-41-33-050	3784	0	6	547.0	388.0

2019-03-06-15-41-33-077	3785	0	1	1405.0	404.0

2019-03-06-15-41-33-480	3786	0	0	210.0	175.0

2019-03-06-15-41-33-588	3787	0	1	210.0	175.0

2019-03-06-15-41-33-643	3788	0	0	1761.0	97.0

2019-03-06-15-41-33-709	3789	0	1	1761.0	97.0

2019-03-06-15-41-33-804	3790	0	0	349.0	260.0

2019-03-06-15-41-33-932	3791	0	1	349.0	260.0

2019-03-06-15-41-33-966	3792	0	0	1570.0	199.0

2019-03-06-15-41-34-040	3793	0	1	1570.0	199.0

2019-03-06-15-41-34-759	3794	0	0	718.0	368.0

2019-03-06-15-41-34-849	3795	0	5	1284.0	360.0

2019-03-06-15-41-34-927	3796	0	6	718.0	379.0

2019-03-06-15-41-34-997	3797	0	1	1284.0	360.0

2019-03-06-15-41-35-045	3798	0	0	777.0	361.0

2019-03-06-15-41-35-176	3799	0	1	777.0	361.0

2019-03-06-15-41-35-225	3800	0	0	1207.0	471.0

2019-03-06-15-41-35-340	3801	0	5	835.0	298.0

2019-03-06-15-41-35-369	3802	0	6	1207.0	471.0

2019-03-06-15-41-35-489	3803	0	1	824.0	311.0

2019-03-06-15-41-35-565	3804	0	0	1162.0	488.0

2019-03-06-15-41-35-660	3805	0	1	1162.0	488.0

2019-03-06-15-41-35-921	3806	0	0	711.0	246.0

2019-03-06-15-41-36-016	3807	0	5	1381.0	342.0

2019-03-06-15-41-36-045	3808	0	6	711.0	246.0

2019-03-06-15-41-36-103	3809	0	1	1383.0	342.0

2019-03-06-15-41-36-197	3810	0	0	618.0	336.0

2019-03-06-15-41-36-295	3811	0	1	618.0	336.0

2019-03-06-15-41-36-387	3812	0	0	1631.0	236.0

2019-03-06-15-41-36-459	3813	0	1	1631.0	236.0

2019-03-06-15-41-36-597	3814	0	0	307.0	178.0

2019-03-06-15-41-36-652	3815	0	5	1720.0	149.0

2019-03-06-15-41-36-719	3816	0	6	300.0	182.0

2019-03-06-15-41-36-774	3817	0	1	1727.0	147.0

2019-03-06-15-41-37-094	3818	0	0	592.0	352.0

2019-03-06-15-41-37-180	3819	0	1	592.0	352.0

2019-03-06-15-41-37-207	3820	0	0	1423.0	300.0

2019-03-06-15-41-37-303	3821	0	1	1423.0	300.0

2019-03-06-15-41-37-421	3822	0	0	695.0	359.0

2019-03-06-15-41-37-532	3823	0	1	695.0	359.0

2019-03-06-15-41-37-587	3824	0	0	1336.0	336.0

2019-03-06-15-41-37-696	3825	0	1	1336.0	336.0

2019-03-06-15-41-37-849	3826	0	0	807.0	295.0

2019-03-06-15-41-38-055	3827	0	5	1305.0	383.0

2019-03-06-15-41-38-063	3828	0	6	779.0	318.0

2019-03-06-15-41-38-233	3829	0	1	1317.0	383.0

2019-03-06-15-41-38-393	3830	0	0	697.0	353.0

2019-03-06-15-41-38-495	3831	0	1	681.0	367.0

2019-03-06-15-41-38-625	3832	0	0	1533.0	283.0

2019-03-06-15-41-38-755	3833	0	1	1533.0	303.0

2019-03-06-15-41-38-898	3834	0	0	338.0	242.0

2019-03-06-15-41-39-389	3835	0	1	328.0	267.0

2019-03-06-15-41-39-494	3836	0	0	1825.0	103.0

2019-03-06-15-41-39-929	3837	0	1	1813.0	110.0

2019-03-06-15-41-40-005	3838	0	0	82.0	122.0

2019-03-06-15-41-40-172	3839	0	1	82.0	122.0

2019-03-06-15-41-40-221	3840	0	0	1673.0	124.0

2019-03-06-15-41-40-428	3841	0	1	1673.0	124.0

2019-03-06-15-41-40-877	3842	0	0	243.0	183.0

2019-03-06-15-41-40-926	3843	0	5	1691.0	211.0

2019-03-06-15-41-41-122	3844	0	6	240.0	207.0

2019-03-06-15-41-41-175	3845	0	1	1677.0	225.0

2019-03-06-15-41-41-345	3846	0	0	387.0	228.0

2019-03-06-15-41-41-498	3847	0	5	1505.0	250.0

2019-03-06-15-41-41-841	3848	0	6	373.0	264.0

2019-03-06-15-41-41-907	3849	0	1	1505.0	280.0

2019-03-06-15-41-42-432	3850	0	0	396.0	399.0

2019-03-06-15-41-42-539	3851	0	1	396.0	399.0

2019-03-06-15-41-42-731	3852	0	0	539.0	219.0

2019-03-06-15-41-42-817	3853	0	1	539.0	219.0

2019-03-06-15-41-43-300	3854	0	0	119.0	215.0

2019-03-06-15-41-43-517	3855	0	1	113.0	216.0

2019-03-06-15-41-43-640	3856	0	0	85.0	175.0

2019-03-06-15-41-43-856	3857	0	1	85.0	175.0

2019-03-06-15-41-43-979	3858	0	0	71.0	183.0

2019-03-06-15-41-44-257	3859	0	5	1885.0	132.0

2019-03-06-15-41-44-701	3860	0	6	1876.0	142.0

2019-03-06-15-41-44-785	3861	0	1	70.0	191.0

2019-03-06-15-41-45-453	3862	0	0	105.0	458.0

2019-03-06-15-41-48-019	3863	0	1	107.0	466.0

2019-03-06-15-41-48-201	3864	0	0	352.0	421.0

2019-03-06-15-41-48-411	3865	0	1	352.0	421.0

2019-03-06-15-41-48-457	3866	0	0	1393.0	361.0

2019-03-06-15-41-48-602	3867	0	1	1393.0	361.0

2019-03-06-15-41-48-699	3868	0	0	555.0	433.0

2019-03-06-15-41-48-796	3869	0	1	555.0	433.0

2019-03-06-15-41-48-915	3870	0	0	1219.0	432.0

2019-03-06-15-41-49-033	3871	0	1	1219.0	432.0

2019-03-06-15-41-49-233	3872	0	0	784.0	456.0

2019-03-06-15-41-49-346	3873	0	1	784.0	456.0

2019-03-06-15-41-49-706	3874	0	0	1238.0	431.0

2019-03-06-15-41-49-839	3875	0	1	1238.0	431.0

2019-03-06-15-41-49-971	3876	0	0	693.0	628.0

2019-03-06-15-41-50-060	3877	0	1	693.0	628.0

2019-03-06-15-41-50-268	3878	0	0	765.0	692.0

2019-03-06-15-41-50-355	3879	0	1	765.0	692.0

2019-03-06-15-41-50-504	3880	0	0	573.0	650.0

2019-03-06-15-41-50-595	3881	0	1	573.0	650.0

2019-03-06-15-41-50-726	3882	0	0	501.0	638.0

2019-03-06-15-41-50-794	3883	0	1	501.0	638.0

2019-03-06-15-41-50-881	3884	0	0	529.0	655.0

2019-03-06-15-41-50-949	3885	0	1	529.0	655.0

2019-03-06-15-41-51-024	3886	0	0	552.0	659.0

2019-03-06-15-41-51-093	3887	0	1	552.0	659.0

2019-03-06-15-41-51-219	3888	0	0	435.0	608.0

2019-03-06-15-41-51-287	3889	0	1	435.0	608.0

2019-03-06-15-41-51-400	3890	0	0	407.0	613.0

2019-03-06-15-41-51-469	3891	0	1	407.0	613.0

2019-03-06-15-41-51-536	3892	0	0	417.0	615.0

2019-03-06-15-41-51-606	3893	0	1	417.0	615.0

2019-03-06-15-41-51-652	3894	0	0	431.0	614.0

2019-03-06-15-41-51-721	3895	0	1	431.0	614.0

2019-03-06-15-41-51-929	3896	0	0	350.0	464.0

2019-03-06-15-41-52-014	3897	0	1	350.0	464.0

2019-03-06-15-41-52-086	3898	0	0	298.0	435.0

2019-03-06-15-41-52-152	3899	0	1	298.0	435.0

2019-03-06-15-41-52-337	3900	0	0	261.0	425.0

2019-03-06-15-41-52-365	3901	0	1	261.0	425.0

2019-03-06-15-41-52-471	3902	0	0	267.0	432.0

2019-03-06-15-41-52-527	3903	0	1	267.0	432.0

2019-03-06-15-41-52-618	3904	0	0	291.0	439.0

2019-03-06-15-41-52-692	3905	0	1	291.0	439.0

2019-03-06-15-41-52-760	3906	0	0	312.0	447.0

2019-03-06-15-41-52-830	3907	0	1	312.0	447.0

2019-03-06-15-41-52-982	3908	0	0	517.0	446.0

2019-03-06-15-41-53-033	3909	0	1	517.0	446.0

2019-03-06-15-41-53-137	3910	0	0	550.0	422.0

2019-03-06-15-41-53-194	3911	0	1	550.0	422.0

2019-03-06-15-41-53-285	3912	0	0	581.0	420.0

2019-03-06-15-41-53-356	3913	0	1	581.0	420.0

2019-03-06-15-41-53-402	3914	0	0	1365.0	401.0

2019-03-06-15-41-53-498	3915	0	1	1365.0	401.0

2019-03-06-15-41-53-556	3916	0	0	582.0	469.0

2019-03-06-15-41-53-646	3917	0	1	582.0	469.0

2019-03-06-15-41-53-677	3918	0	0	1386.0	391.0

2019-03-06-15-41-53-726	3919	0	1	1386.0	391.0

2019-03-06-15-41-53-818	3920	0	0	685.0	579.0

2019-03-06-15-41-53-907	3921	0	1	685.0	579.0

2019-03-06-15-41-53-960	3922	0	0	1228.0	537.0

2019-03-06-15-41-54-047	3923	0	1	1228.0	537.0

2019-03-06-15-41-54-334	3924	0	0	951.0	596.0

2019-03-06-15-41-54-399	3925	0	1	951.0	596.0

2019-03-06-15-41-54-570	3926	0	0	1235.0	385.0

2019-03-06-15-41-54-638	3927	0	1	1235.0	385.0

2019-03-06-15-41-54-743	3928	0	0	850.0	348.0

2019-03-06-15-41-54-872	3929	0	1	850.0	348.0

2019-03-06-15-41-55-126	3930	0	0	1209.0	401.0

2019-03-06-15-41-55-194	3931	0	1	1209.0	401.0

2019-03-06-15-41-55-404	3932	0	0	141.0	329.0

2019-03-06-15-41-55-510	3933	0	1	141.0	329.0

2019-03-06-15-41-55-627	3934	0	0	1897.0	191.0

2019-03-06-15-41-55-715	3935	0	1	1888.0	187.0

2019-03-06-15-41-55-752	3936	0	0	1808.0	166.0

2019-03-06-15-41-55-859	3937	0	1	1793.0	171.0

2019-03-06-15-41-56-144	3938	0	0	985.0	170.0

2019-03-06-15-41-56-241	3939	0	1	985.0	170.0

2019-03-06-15-41-56-292	3940	0	0	1164.0	943.0

2019-03-06-15-41-56-368	3941	0	1	1164.0	943.0

2019-03-06-15-41-56-661	3942	0	0	1099.0	633.0

2019-03-06-15-41-56-735	3943	0	1	1099.0	633.0

2019-03-06-15-41-56-810	3944	0	0	1473.0	261.0

2019-03-06-15-41-56-889	3945	0	1	1473.0	261.0

2019-03-06-15-41-57-016	3946	0	0	677.0	194.0

2019-03-06-15-41-57-070	3947	0	1	714.0	201.0

2019-03-06-15-41-57-207	3948	0	0	920.0	163.0

2019-03-06-15-41-57-255	3949	0	1	920.0	163.0

2019-03-06-15-41-57-303	3950	0	0	1169.0	442.0

2019-03-06-15-41-57-376	3951	0	1	1169.0	442.0

2019-03-06-15-41-57-492	3952	0	0	586.0	363.0

2019-03-06-15-41-57-543	3953	0	1	586.0	363.0

2019-03-06-15-41-57-656	3954	0	0	236.0	389.0

2019-03-06-15-41-57-758	3955	0	1	192.0	391.0

2019-03-06-15-41-57-767	3956	0	0	1099.0	144.0

2019-03-06-15-41-57-817	3957	0	1	1099.0	144.0

2019-03-06-15-41-58-036	3958	0	0	1084.0	909.0

2019-03-06-15-41-58-085	3959	0	1	1084.0	909.0

2019-03-06-15-41-58-284	3960	0	0	848.0	156.0

2019-03-06-15-41-58-357	3961	0	1	848.0	156.0

2019-03-06-15-41-58-406	3962	0	0	1637.0	161.0

2019-03-06-15-41-58-496	3963	0	1	1637.0	161.0

2019-03-06-15-41-58-678	3964	0	0	1214.0	870.0

2019-03-06-15-41-58-748	3965	0	1	1214.0	870.0

2019-03-06-15-41-58-862	3966	0	0	984.0	157.0

2019-03-06-15-41-58-968	3967	0	1	984.0	157.0

2019-03-06-15-41-59-025	3968	0	0	1671.0	190.0

2019-03-06-15-41-59-081	3969	0	1	1671.0	190.0

2019-03-06-15-41-59-216	3970	0	0	1278.0	180.0

2019-03-06-15-41-59-328	3971	0	1	1278.0	180.0

2019-03-06-15-41-59-613	3972	0	0	1196.0	988.0

2019-03-06-15-41-59-683	3973	0	1	1196.0	988.0

2019-03-06-15-41-59-973	3974	0	0	1164.0	414.0

2019-03-06-15-42-00-048	3975	0	1	1164.0	414.0

2019-03-06-15-42-00-102	3976	0	0	115.0	452.0

2019-03-06-15-42-00-172	3977	0	1	115.0	452.0

2019-03-06-15-42-00-268	3978	0	0	1806.0	172.0

2019-03-06-15-42-00-315	3979	0	1	1806.0	172.0

2019-03-06-15-42-00-429	3980	0	0	1812.0	184.0

2019-03-06-15-42-00-464	3981	0	1	1812.0	184.0

2019-03-06-15-42-00-694	3982	0	0	1034.0	177.0

2019-03-06-15-42-00-766	3983	0	1	1034.0	177.0

2019-03-06-15-42-00-834	3984	0	0	1213.0	879.0

2019-03-06-15-42-00-908	3985	0	1	1213.0	879.0

2019-03-06-15-42-01-163	3986	0	0	1126.0	680.0

2019-03-06-15-42-01-213	3987	0	1	1126.0	680.0

2019-03-06-15-42-01-391	3988	0	0	1449.0	222.0

2019-03-06-15-42-01-479	3989	0	1	1449.0	222.0

2019-03-06-15-42-01-555	3990	0	0	689.0	239.0

2019-03-06-15-42-01-623	3991	0	1	689.0	239.0

2019-03-06-15-42-01-715	3992	0	0	858.0	174.0

2019-03-06-15-42-01-782	3993	0	1	858.0	174.0

2019-03-06-15-42-01-811	3994	0	0	1191.0	404.0

2019-03-06-15-42-01-906	3995	0	1	1191.0	404.0

2019-03-06-15-42-02-004	3996	0	0	562.0	369.0

2019-03-06-15-42-02-083	3997	0	1	562.0	369.0

2019-03-06-15-42-02-206	3998	0	0	191.0	414.0

2019-03-06-15-42-02-277	3999	0	5	1104.0	172.0

2019-03-06-15-42-02-307	4000	0	6	164.0	421.0

2019-03-06-15-42-02-363	4001	0	1	1104.0	177.0

2019-03-06-15-42-02-558	4002	0	0	1105.0	841.0

2019-03-06-15-42-02-609	4003	0	1	1105.0	841.0

2019-03-06-15-42-02-776	4004	0	0	835.0	190.0

2019-03-06-15-42-02-871	4005	0	1	835.0	190.0

2019-03-06-15-42-02-956	4006	0	0	1663.0	168.0

2019-03-06-15-42-03-030	4007	0	1	1646.0	188.0

2019-03-06-15-42-03-226	4008	0	0	1193.0	867.0

2019-03-06-15-42-03-276	4009	0	1	1193.0	867.0

2019-03-06-15-42-03-352	4010	0	0	1012.0	157.0

2019-03-06-15-42-03-461	4011	0	1	1012.0	157.0

2019-03-06-15-42-03-583	4012	0	0	1655.0	207.0

2019-03-06-15-42-03-635	4013	0	1	1641.0	201.0

2019-03-06-15-42-03-849	4014	0	0	1291.0	199.0

2019-03-06-15-42-03-954	4015	0	1	1291.0	199.0

2019-03-06-15-42-04-321	4016	0	0	1218.0	958.0

2019-03-06-15-42-04-407	4017	0	1	1218.0	958.0

2019-03-06-15-42-04-680	4018	0	0	1181.0	419.0

2019-03-06-15-42-04-733	4019	0	1	1181.0	419.0

2019-03-06-15-42-04-879	4020	0	0	88.0	447.0

2019-03-06-15-42-04-962	4021	0	1	88.0	447.0

2019-03-06-15-42-04-970	4022	0	0	1757.0	206.0

2019-03-06-15-42-05-020	4023	0	1	1757.0	206.0

2019-03-06-15-42-05-464	4024	0	0	1770.0	154.0

2019-03-06-15-42-05-534	4025	0	1	1770.0	154.0

2019-03-06-15-42-05-585	4026	0	0	1031.0	111.0

2019-03-06-15-42-05-655	4027	0	1	1031.0	111.0

2019-03-06-15-42-05-792	4028	0	0	1202.0	845.0

2019-03-06-15-42-05-861	4029	0	1	1202.0	845.0

2019-03-06-15-42-06-002	4030	0	0	1169.0	615.0

2019-03-06-15-42-06-071	4031	0	1	1169.0	615.0

2019-03-06-15-42-06-225	4032	0	0	1449.0	177.0

2019-03-06-15-42-06-315	4033	0	1	1449.0	177.0

2019-03-06-15-42-06-362	4034	0	0	680.0	208.0

2019-03-06-15-42-06-441	4035	0	1	680.0	208.0

2019-03-06-15-42-06-546	4036	0	0	865.0	192.0

2019-03-06-15-42-06-604	4037	0	1	865.0	192.0

2019-03-06-15-42-06-655	4038	0	0	1161.0	405.0

2019-03-06-15-42-06-731	4039	0	1	1161.0	405.0

2019-03-06-15-42-06-835	4040	0	0	611.0	379.0

2019-03-06-15-42-06-885	4041	0	1	611.0	379.0

2019-03-06-15-42-07-040	4042	0	0	171.0	394.0

2019-03-06-15-42-07-071	4043	0	1	171.0	394.0

2019-03-06-15-42-07-118	4044	0	0	1091.0	187.0

2019-03-06-15-42-07-167	4045	0	1	1091.0	187.0

2019-03-06-15-42-07-371	4046	0	0	1078.0	789.0

2019-03-06-15-42-07-437	4047	0	1	1078.0	789.0

2019-03-06-15-42-07-465	4048	0	0	762.0	200.0

2019-03-06-15-42-07-543	4049	0	1	762.0	200.0

2019-03-06-15-42-07-682	4050	0	0	1716.0	178.0

2019-03-06-15-42-07-733	4051	0	1	1716.0	178.0

2019-03-06-15-42-07-925	4052	0	0	1214.0	867.0

2019-03-06-15-42-08-012	4053	0	1	1214.0	867.0

2019-03-06-15-42-08-562	4054	0	0	1576.0	605.0

2019-03-06-15-42-08-634	4055	0	1	1586.0	586.0

2019-03-06-15-42-08-771	4056	0	0	1653.0	246.0

2019-03-06-15-42-08-820	4057	0	1	1653.0	246.0

2019-03-06-15-42-10-393	4058	0	0	1077.0	180.0

2019-03-06-15-42-10-463	4059	0	1	1077.0	180.0

2019-03-06-15-42-10-581	4060	0	0	316.0	390.0

2019-03-06-15-42-10-652	4061	0	1	316.0	390.0

2019-03-06-15-42-10-789	4062	0	0	519.0	252.0

2019-03-06-15-42-10-840	4063	0	1	519.0	252.0

2019-03-06-15-42-10-920	4064	0	0	1746.0	383.0

2019-03-06-15-42-11-012	4065	0	1	1746.0	383.0

2019-03-06-15-42-11-109	4066	0	0	872.0	363.0

2019-03-06-15-42-11-177	4067	0	1	872.0	363.0

2019-03-06-15-42-11-326	4068	0	0	1161.0	842.0

2019-03-06-15-42-11-421	4069	0	1	1161.0	842.0

2019-03-06-15-42-12-051	4070	0	0	1171.0	406.0

2019-03-06-15-42-12-121	4071	0	1	1171.0	406.0

2019-03-06-15-42-12-278	4072	0	0	119.0	388.0

2019-03-06-15-42-12-330	4073	0	1	119.0	388.0

2019-03-06-15-42-12-359	4074	0	0	1859.0	168.0

2019-03-06-15-42-12-430	4075	0	1	1859.0	168.0

2019-03-06-15-42-12-509	4076	0	0	1797.0	197.0

2019-03-06-15-42-12-569	4077	0	1	1797.0	197.0

2019-03-06-15-42-12-781	4078	0	0	991.0	124.0

2019-03-06-15-42-12-852	4079	0	1	991.0	124.0

2019-03-06-15-42-12-925	4080	0	0	1214.0	878.0

2019-03-06-15-42-12-983	4081	0	1	1214.0	878.0

2019-03-06-15-42-13-226	4082	0	0	1149.0	626.0

2019-03-06-15-42-13-328	4083	0	1	1149.0	626.0

2019-03-06-15-42-13-558	4084	0	0	1366.0	206.0

2019-03-06-15-42-13-649	4085	0	1	1366.0	206.0

2019-03-06-15-42-13-699	4086	0	0	713.0	170.0

2019-03-06-15-42-13-778	4087	0	1	713.0	170.0

2019-03-06-15-42-13-868	4088	0	0	909.0	126.0

2019-03-06-15-42-13-948	4089	0	1	909.0	126.0

2019-03-06-15-42-13-981	4090	0	0	1171.0	424.0

2019-03-06-15-42-14-052	4091	0	1	1171.0	424.0

2019-03-06-15-42-14-151	4092	0	0	567.0	364.0

2019-03-06-15-42-14-224	4093	0	1	567.0	364.0

2019-03-06-15-42-14-341	4094	0	0	238.0	436.0

2019-03-06-15-42-14-404	4095	0	5	1063.0	178.0

2019-03-06-15-42-14-441	4096	0	6	198.0	441.0

2019-03-06-15-42-14-494	4097	0	1	1063.0	178.0

2019-03-06-15-42-14-692	4098	0	0	1093.0	832.0

2019-03-06-15-42-14-755	4099	0	1	1093.0	832.0

2019-03-06-15-42-15-067	4100	0	0	802.0	113.0

2019-03-06-15-42-15-259	4101	0	1	801.0	116.0

2019-03-06-15-42-15-521	4102	0	0	1591.0	176.0

2019-03-06-15-42-15-671	4103	0	1	1591.0	176.0

2019-03-06-15-42-15-958	4104	0	0	1177.0	811.0

2019-03-06-15-42-16-038	4105	0	1	1177.0	811.0

2019-03-06-15-42-16-428	4106	0	0	1066.0	249.0

2019-03-06-15-42-16-799	4107	0	1	1066.0	249.0

2019-03-06-15-42-17-005	4108	0	0	1060.0	161.0

2019-03-06-15-42-17-246	4109	0	1	1060.0	161.0

2019-03-06-15-42-17-360	4110	0	0	1516.0	135.0

2019-03-06-15-42-17-534	4111	0	1	1516.0	135.0

2019-03-06-15-42-17-741	4112	0	0	1227.0	174.0

2019-03-06-15-42-17-963	4113	0	1	1283.0	198.0

2019-03-06-15-42-18-286	4114	0	0	1032.0	135.0

2019-03-06-15-42-18-457	4115	0	1	1032.0	135.0

2019-03-06-15-42-18-646	4116	0	0	1692.0	106.0

2019-03-06-15-42-18-799	4117	0	1	1695.0	106.0

2019-03-06-15-42-19-372	4118	0	0	1323.0	212.0

2019-03-06-15-42-19-501	4119	0	1	1323.0	212.0

2019-03-06-15-42-20-041	4120	0	0	621.0	303.0

2019-03-06-15-42-20-171	4121	0	1	621.0	303.0

2019-03-06-15-42-20-203	4122	0	0	1274.0	466.0

2019-03-06-15-42-20-319	4123	0	1	1274.0	466.0

2019-03-06-15-42-21-598	4124	0	0	1184.0	441.0

2019-03-06-15-42-21-688	4125	0	1	1184.0	441.0

2019-03-06-15-42-21-927	4126	0	0	508.0	159.0

2019-03-06-15-42-22-000	4127	0	1	508.0	159.0

2019-03-06-15-42-22-051	4128	0	0	1747.0	396.0

2019-03-06-15-42-22-153	4129	0	1	1747.0	396.0

2019-03-06-15-42-22-617	4130	0	0	1854.0	137.0

2019-03-06-15-42-22-740	4131	0	1	1852.0	148.0

2019-03-06-15-42-22-843	4132	0	0	793.0	907.0

2019-03-06-15-42-22-910	4133	0	1	793.0	907.0

2019-03-06-15-42-23-086	4134	0	0	1615.0	581.0

2019-03-06-15-42-23-136	4135	0	1	1615.0	581.0

2019-03-06-15-42-23-358	4136	0	0	491.0	168.0

2019-03-06-15-42-23-460	4137	0	1	491.0	168.0

2019-03-06-15-42-23-527	4138	0	0	1226.0	838.0

2019-03-06-15-42-23-621	4139	0	1	1226.0	838.0

2019-03-06-15-42-23-892	4140	0	0	1877.0	167.0

2019-03-06-15-42-24-003	4141	0	1	1848.0	172.0

2019-03-06-15-42-24-119	4142	0	0	1687.0	447.0

2019-03-06-15-42-24-167	4143	0	1	1687.0	447.0

2019-03-06-15-42-24-232	4144	0	0	480.0	215.0

2019-03-06-15-42-24-291	4145	0	1	480.0	215.0

2019-03-06-15-42-24-425	4146	0	0	164.0	372.0

2019-03-06-15-42-24-476	4147	0	1	164.0	372.0

2019-03-06-15-42-24-567	4148	0	0	310.0	366.0

2019-03-06-15-42-24-622	4149	0	1	310.0	366.0

2019-03-06-15-42-24-690	4150	0	0	469.0	225.0

2019-03-06-15-42-24-749	4151	0	1	469.0	225.0

2019-03-06-15-42-24-777	4152	0	0	1211.0	880.0

2019-03-06-15-42-24-828	4153	0	1	1211.0	880.0

2019-03-06-15-42-24-950	4154	0	0	276.0	188.0

2019-03-06-15-42-25-022	4155	0	1	276.0	188.0

2019-03-06-15-42-25-117	4156	0	0	1159.0	370.0

2019-03-06-15-42-25-209	4157	0	1	1144.0	363.0

2019-03-06-15-42-25-294	4158	0	0	1035.0	177.0

2019-03-06-15-42-25-363	4159	0	1	1035.0	177.0

2019-03-06-15-42-25-561	4160	0	0	1077.0	904.0

2019-03-06-15-42-25-610	4161	0	1	1077.0	904.0

2019-03-06-15-42-25-890	4162	0	0	1460.0	141.0

2019-03-06-15-42-25-979	4163	0	1	1450.0	154.0

2019-03-06-15-42-26-075	4164	0	0	363.0	368.0

2019-03-06-15-42-26-148	4165	0	1	363.0	368.0

2019-03-06-15-42-26-261	4166	0	0	1159.0	890.0

2019-03-06-15-42-26-309	4167	0	1	1159.0	890.0

2019-03-06-15-42-26-404	4168	0	0	753.0	614.0

2019-03-06-15-42-26-450	4169	0	1	753.0	614.0

2019-03-06-15-42-26-616	4170	0	0	166.0	431.0

2019-03-06-15-42-26-710	4171	0	1	166.0	431.0

2019-03-06-15-42-26-739	4172	0	0	1530.0	619.0

2019-03-06-15-42-26-787	4173	0	1	1530.0	619.0

2019-03-06-15-42-26-944	4174	0	0	1102.0	664.0

2019-03-06-15-42-27-017	4175	0	1	1102.0	664.0

2019-03-06-15-42-27-312	4176	0	0	662.0	190.0

2019-03-06-15-42-27-421	4177	0	1	662.0	190.0

2019-03-06-15-42-27-574	4178	0	0	1389.0	215.0

2019-03-06-15-42-27-697	4179	0	1	1409.0	214.0

2019-03-06-15-42-27-821	4180	0	0	575.0	390.0

2019-03-06-15-42-27-913	4181	0	1	575.0	390.0

2019-03-06-15-42-27-968	4182	0	0	1018.0	381.0

2019-03-06-15-42-28-056	4183	0	1	1018.0	381.0

2019-03-06-15-42-28-106	4184	0	0	421.0	196.0

2019-03-06-15-42-28-205	4185	0	1	421.0	196.0

2019-03-06-15-42-28-282	4186	0	0	1092.0	829.0

2019-03-06-15-42-28-318	4187	0	1	1092.0	829.0

2019-03-06-15-42-28-483	4188	0	0	335.0	370.0

2019-03-06-15-42-28-592	4189	0	1	335.0	370.0

2019-03-06-15-42-28-649	4190	0	0	1652.0	192.0

2019-03-06-15-42-28-733	4191	0	1	1652.0	192.0

2019-03-06-15-42-28-947	4192	0	0	1181.0	889.0

2019-03-06-15-42-28-978	4193	0	1	1181.0	889.0

2019-03-06-15-42-29-195	4194	0	0	1164.0	413.0

2019-03-06-15-42-29-245	4195	0	1	1164.0	413.0

2019-03-06-15-42-29-303	4196	0	0	137.0	400.0

2019-03-06-15-42-29-369	4197	0	1	137.0	400.0

2019-03-06-15-42-29-607	4198	0	0	792.0	166.0

2019-03-06-15-42-29-713	4199	0	1	792.0	166.0

2019-03-06-15-42-30-287	4200	0	0	651.0	163.0

2019-03-06-15-42-30-374	4201	0	1	651.0	163.0

2019-03-06-15-42-30-452	4202	0	0	523.0	331.0

2019-03-06-15-42-30-541	4203	0	1	523.0	331.0

2019-03-06-15-42-30-571	4204	0	0	1169.0	856.0

2019-03-06-15-42-30-632	4205	0	1	1169.0	856.0

2019-03-06-15-42-31-329	4206	0	0	1505.0	628.0

2019-03-06-15-42-31-378	4207	0	1	1505.0	628.0

2019-03-06-15-42-31-636	4208	0	0	1020.0	206.0

2019-03-06-15-42-31-763	4209	0	1	1020.0	206.0

2019-03-06-15-42-31-792	4210	0	0	1287.0	885.0

2019-03-06-15-42-31-848	4211	0	1	1287.0	885.0

2019-03-06-15-42-32-082	4212	0	0	771.0	377.0

2019-03-06-15-42-32-158	4213	0	1	771.0	377.0

2019-03-06-15-42-32-374	4214	0	0	1635.0	179.0

2019-03-06-15-42-32-446	4215	0	1	1618.0	182.0

2019-03-06-15-42-32-760	4216	0	0	1272.0	195.0

2019-03-06-15-42-32-871	4217	0	1	1272.0	195.0

2019-03-06-15-42-32-950	4218	0	0	654.0	178.0

2019-03-06-15-42-33-018	4219	0	1	654.0	178.0

2019-03-06-15-42-33-129	4220	0	0	854.0	112.0

2019-03-06-15-42-33-217	4221	0	1	854.0	112.0

2019-03-06-15-42-33-272	4222	0	0	1171.0	406.0

2019-03-06-15-42-33-342	4223	0	1	1171.0	406.0

2019-03-06-15-42-33-500	4224	0	0	1154.0	839.0

2019-03-06-15-42-33-571	4225	0	1	1154.0	839.0

2019-03-06-15-42-33-748	4226	0	0	1050.0	147.0

2019-03-06-15-42-33-818	4227	0	1	1050.0	147.0

2019-03-06-15-42-34-149	4228	0	0	509.0	193.0

2019-03-06-15-42-34-225	4229	0	1	509.0	193.0

2019-03-06-15-42-34-516	4230	0	0	180.0	336.0

2019-03-06-15-42-34-608	4231	0	1	180.0	336.0

2019-03-06-15-42-34-841	4232	0	0	736.0	160.0

2019-03-06-15-42-34-914	4233	0	1	736.0	160.0

2019-03-06-15-42-35-005	4234	0	0	1155.0	837.0

2019-03-06-15-42-35-080	4235	0	1	1155.0	837.0

2019-03-06-15-42-35-380	4236	0	0	1858.0	163.0

2019-03-06-15-42-35-452	4237	0	1	1858.0	163.0

2019-03-06-15-42-35-609	4238	0	0	650.0	192.0

2019-03-06-15-42-35-701	4239	0	1	664.0	196.0

2019-03-06-15-42-35-731	4240	0	0	1623.0	184.0

2019-03-06-15-42-35-781	4241	0	1	1623.0	184.0

2019-03-06-15-42-35-904	4242	0	0	1360.0	377.0

2019-03-06-15-42-35-971	4243	0	5	502.0	226.0

2019-03-06-15-42-36-006	4244	0	6	1370.0	375.0

2019-03-06-15-42-36-057	4245	0	1	514.0	233.0

2019-03-06-15-42-36-215	4246	0	0	734.0	555.0

2019-03-06-15-42-36-287	4247	0	1	734.0	555.0

2019-03-06-15-42-36-447	4248	0	0	848.0	196.0

2019-03-06-15-42-36-518	4249	0	1	848.0	196.0

2019-03-06-15-42-36-567	4250	0	0	1202.0	922.0

2019-03-06-15-42-36-595	4251	0	1	1202.0	922.0

2019-03-06-15-42-36-892	4252	0	0	1450.0	220.0

2019-03-06-15-42-36-969	4253	0	1	1450.0	220.0

2019-03-06-15-42-37-062	4254	0	0	382.0	405.0

2019-03-06-15-42-37-112	4255	0	1	382.0	405.0

2019-03-06-15-42-37-211	4256	0	0	1212.0	820.0

2019-03-06-15-42-37-282	4257	0	1	1212.0	820.0

2019-03-06-15-42-37-424	4258	0	0	926.0	373.0

2019-03-06-15-42-37-513	4259	0	1	926.0	373.0

2019-03-06-15-42-37-605	4260	0	0	1661.0	229.0

2019-03-06-15-42-37-682	4261	0	1	1661.0	229.0

2019-03-06-15-42-37-799	4262	0	0	1488.0	172.0

2019-03-06-15-42-37-870	4263	0	1	1488.0	172.0

2019-03-06-15-42-38-003	4264	0	0	1363.0	535.0

2019-03-06-15-42-38-064	4265	0	1	1363.0	535.0

2019-03-06-15-42-38-137	4266	0	0	951.0	311.0

2019-03-06-15-42-38-207	4267	0	1	951.0	311.0

2019-03-06-15-42-38-285	4268	0	0	1243.0	851.0

2019-03-06-15-42-38-337	4269	0	1	1243.0	851.0

2019-03-06-15-42-38-544	4270	0	0	867.0	112.0

2019-03-06-15-42-38-663	4271	0	1	867.0	112.0

2019-03-06-15-42-38-692	4272	0	0	1601.0	196.0

2019-03-06-15-42-38-739	4273	0	1	1601.0	196.0

2019-03-06-15-42-39-040	4274	0	0	1179.0	907.0

2019-03-06-15-42-39-093	4275	0	1	1179.0	907.0

2019-03-06-15-42-39-313	4276	0	0	1144.0	600.0

2019-03-06-15-42-39-361	4277	0	1	1144.0	600.0

2019-03-06-15-42-39-855	4278	0	0	451.0	187.0

2019-03-06-15-42-39-991	4279	0	1	472.0	208.0

2019-03-06-15-42-40-330	4280	0	0	1106.0	803.0

2019-03-06-15-42-40-401	4281	0	1	1106.0	803.0

2019-03-06-15-42-40-552	4282	0	0	122.0	381.0

2019-03-06-15-42-40-603	4283	0	1	122.0	381.0

2019-03-06-15-42-40-673	4284	0	0	1110.0	826.0

2019-03-06-15-42-40-729	4285	0	1	1110.0	826.0

2019-03-06-15-42-41-044	4286	0	0	1457.0	676.0

2019-03-06-15-42-41-094	4287	0	1	1457.0	676.0

2019-03-06-15-42-41-685	4288	0	0	458.0	203.0

2019-03-06-15-42-41-758	4289	0	1	458.0	203.0

2019-03-06-15-42-41-926	4290	0	0	348.0	371.0

2019-03-06-15-42-41-990	4291	0	1	348.0	371.0

2019-03-06-15-42-42-072	4292	0	0	340.0	393.0

2019-03-06-15-42-42-141	4293	0	1	340.0	393.0

2019-03-06-15-42-42-955	4294	0	0	1212.0	754.0

2019-03-06-15-42-43-044	4295	0	1	1212.0	754.0

2019-03-06-15-42-44-255	4296	0	0	277.0	177.0

2019-03-06-15-42-44-370	4297	0	1	277.0	177.0

2019-03-06-15-42-44-527	4298	0	0	1150.0	385.0

2019-03-06-15-42-44-576	4299	0	1	1150.0	385.0

2019-03-06-15-42-44-729	4300	0	0	1083.0	164.0

2019-03-06-15-42-44-820	4301	0	1	1083.0	164.0

2019-03-06-15-42-45-042	4302	0	0	1095.0	818.0

2019-03-06-15-42-45-136	4303	0	1	1095.0	818.0

2019-03-06-15-42-45-506	4304	0	0	1445.0	220.0

2019-03-06-15-42-45-605	4305	0	1	1445.0	220.0

2019-03-06-15-42-45-740	4306	0	0	351.0	430.0

2019-03-06-15-42-45-859	4307	0	1	351.0	430.0

2019-03-06-15-42-45-915	4308	0	0	1160.0	833.0

2019-03-06-15-42-46-006	4309	0	1	1160.0	833.0

2019-03-06-15-42-46-543	4310	0	0	1472.0	206.0

2019-03-06-15-42-46-630	4311	0	1	1458.0	225.0

2019-03-06-15-42-46-726	4312	0	0	886.0	183.0

2019-03-06-15-42-46-811	4313	0	1	886.0	183.0

2019-03-06-15-42-46-930	4314	0	0	1135.0	874.0

2019-03-06-15-42-46-980	4315	0	1	1135.0	874.0

2019-03-06-15-42-47-202	4316	0	0	333.0	413.0

2019-03-06-15-42-47-251	4317	0	1	342.0	419.0

2019-03-06-15-42-47-279	4318	0	0	1610.0	217.0

2019-03-06-15-42-47-357	4319	0	1	1610.0	217.0

2019-03-06-15-42-47-536	4320	0	0	1116.0	744.0

2019-03-06-15-42-47-594	4321	0	1	1116.0	744.0

2019-03-06-15-42-47-808	4322	0	0	1152.0	392.0

2019-03-06-15-42-47-877	4323	0	1	1152.0	392.0

2019-03-06-15-42-47-907	4324	0	0	165.0	382.0

2019-03-06-15-42-48-002	4325	0	1	173.13693	377.93152

2019-03-06-15-42-48-233	4326	0	0	696.0	172.0

2019-03-06-15-42-48-301	4327	0	1	696.0	172.0

2019-03-06-15-42-48-437	4328	0	0	569.0	366.0

2019-03-06-15-42-48-467	4329	0	1	569.0	366.0

2019-03-06-15-42-48-518	4330	0	0	1160.0	859.0

2019-03-06-15-42-48-628	4331	0	1	1160.0	859.0

2019-03-06-15-42-48-780	4332	0	0	809.0	129.0

2019-03-06-15-42-48-854	4333	0	1	809.0	129.0

2019-03-06-15-42-48-973	4334	0	0	1633.0	178.0

2019-03-06-15-42-49-054	4335	0	1	1633.0	178.0

2019-03-06-15-42-49-251	4336	0	0	1173.0	821.0

2019-03-06-15-42-49-340	4337	0	1	1173.0	821.0

2019-03-06-15-42-49-568	4338	0	0	846.0	165.0

2019-03-06-15-42-49-641	4339	0	1	846.0	165.0

2019-03-06-15-42-49-767	4340	0	0	1047.0	96.0

2019-03-06-15-42-49-826	4341	0	1	1047.0	96.0

2019-03-06-15-42-49-898	4342	0	0	1824.0	156.0

2019-03-06-15-42-50-015	4343	0	1	1840.0	154.0

2019-03-06-15-42-50-191	4344	0	0	520.0	190.0

2019-03-06-15-42-50-301	4345	0	1	520.0	190.0

2019-03-06-15-42-50-397	4346	0	0	1217.0	811.0

2019-03-06-15-42-50-467	4347	0	1	1217.0	811.0

2019-03-06-15-42-50-817	4348	0	0	1482.0	185.0

2019-03-06-15-42-50-896	4349	0	1	1482.0	185.0

2019-03-06-15-42-51-137	4350	0	0	1366.0	640.0

2019-03-06-15-42-51-213	4351	0	1	1366.0	640.0

2019-03-06-15-42-51-343	4352	0	0	1255.0	863.0

2019-03-06-15-42-51-454	4353	0	1	1255.0	863.0

2019-03-06-15-42-53-905	4354	0	0	787.0	718.0

2019-03-06-15-42-54-008	4355	0	1	787.0	718.0

2019-03-06-15-42-54-554	4356	0	0	725.0	517.0

2019-03-06-15-42-54-704	4357	0	1	725.0	517.0

2019-03-06-15-42-55-827	4358	0	0	912.0	593.0

2019-03-06-15-42-55-961	4359	0	1	912.0	593.0

2019-03-06-15-42-56-451	4360	0	0	748.0	140.0

2019-03-06-15-42-56-564	4361	0	1	744.0	149.0

2019-03-06-15-42-56-991	4362	0	0	1521.0	401.0

2019-03-06-15-42-57-088	4363	0	1	1521.0	401.0

2019-03-06-15-42-57-642	4364	0	0	498.0	261.0

2019-03-06-15-42-57-839	4365	0	1	498.0	261.0

2019-03-06-15-42-58-025	4366	0	0	1092.0	185.0

2019-03-06-15-42-58-130	4367	0	1	1092.0	185.0

2019-03-06-15-42-58-606	4368	0	0	1203.0	610.0

2019-03-06-15-42-58-656	4369	0	1	1203.0	610.0

2019-03-06-15-42-59-031	4370	0	0	1630.0	190.0

2019-03-06-15-42-59-188	4371	0	1	1630.0	190.0

2019-03-06-15-42-59-382	4372	0	0	173.0	379.0

2019-03-06-15-42-59-485	4373	0	1	173.0	379.0

2019-03-06-15-42-59-840	4374	0	0	702.0	210.0

2019-03-06-15-42-59-955	4375	0	1	702.0	210.0

2019-03-06-15-43-00-130	4376	0	0	537.0	393.0

2019-03-06-15-43-00-182	4377	0	1	537.0	393.0

2019-03-06-15-43-04-982	4378	0	0	1194.0	401.0

2019-03-06-15-43-05-032	4379	0	1	1194.0	401.0

2019-03-06-15-43-05-233	4380	0	0	1629.0	179.0

2019-03-06-15-43-05-338	4381	0	1	1629.0	179.0

2019-03-06-15-43-05-600	4382	0	0	303.0	234.0

2019-03-06-15-43-05-677	4383	0	1	303.0	234.0

2019-03-06-15-43-05-739	4384	0	0	1139.0	830.0

2019-03-06-15-43-05-770	4385	0	1	1139.0	830.0

2019-03-06-15-43-05-951	4386	0	0	1583.0	593.0

2019-03-06-15-43-06-005	4387	0	1	1583.0	593.0

2019-03-06-15-43-06-065	4388	0	0	109.0	393.0

2019-03-06-15-43-06-137	4389	0	1	109.0	393.0

2019-03-06-15-43-06-212	4390	0	0	1404.0	610.0

2019-03-06-15-43-06-264	4391	0	1	1404.0	610.0

2019-03-06-15-43-06-545	4392	0	0	974.0	236.0

2019-03-06-15-43-06-640	4393	0	1	983.0	219.0

2019-03-06-15-43-06-719	4394	0	0	1228.0	885.0

2019-03-06-15-43-06-772	4395	0	1	1231.0	869.0

2019-03-06-15-43-07-038	4396	0	0	579.0	409.0

2019-03-06-15-43-07-069	4397	0	1	579.0	409.0

2019-03-06-15-43-07-262	4398	0	0	148.0	437.0

2019-03-06-15-43-07-357	4399	0	1	148.0	437.0

2019-03-06-15-43-07-389	4400	0	0	873.0	181.0

2019-03-06-15-43-07-458	4401	0	1	873.0	181.0

2019-03-06-15-43-07-541	4402	0	0	157.0	402.0

2019-03-06-15-43-07-677	4403	0	1	157.0	402.0

2019-03-06-15-43-07-812	4404	0	0	1077.0	843.0

2019-03-06-15-43-07-904	4405	0	1	1105.3796	826.7831

2019-03-06-15-43-08-083	4406	0	0	590.0	371.0

2019-03-06-15-43-08-184	4407	0	1	590.0	371.0

2019-03-06-15-43-08-255	4408	0	0	1657.0	173.0

2019-03-06-15-43-08-345	4409	0	1	1657.0	173.0

2019-03-06-15-43-08-524	4410	0	0	1171.0	910.0

2019-03-06-15-43-08-603	4411	0	1	1173.0	900.0

2019-03-06-15-43-08-780	4412	0	0	1401.0	203.0

2019-03-06-15-43-08-857	4413	0	1	1401.0	203.0

2019-03-06-15-43-09-076	4414	0	0	1168.0	908.0

2019-03-06-15-43-09-149	4415	0	1	1168.0	908.0

2019-03-06-15-43-09-303	4416	0	0	1136.0	474.0

2019-03-06-15-43-09-351	4417	0	1	1136.0	474.0

2019-03-06-15-43-09-423	4418	0	0	142.0	458.0

2019-03-06-15-43-09-517	4419	0	1	142.0	458.0

2019-03-06-15-43-09-545	4420	0	0	935.0	634.0

2019-03-06-15-43-09-639	4421	0	1	935.0	634.0

2019-03-06-15-43-09-765	4422	0	0	463.0	227.0

2019-03-06-15-43-09-859	4423	0	1	463.0	227.0

2019-03-06-15-43-09-916	4424	0	0	1139.0	964.0

2019-03-06-15-43-09-991	4425	0	1	1147.0	960.0

2019-03-06-15-43-10-149	4426	0	0	1368.0	624.0

2019-03-06-15-43-10-206	4427	0	1	1380.0	603.0

2019-03-06-15-43-10-357	4428	0	0	1652.0	236.0

2019-03-06-15-43-10-429	4429	0	1	1652.0	236.0

2019-03-06-15-43-10-566	4430	0	0	315.0	203.0

2019-03-06-15-43-10-681	4431	0	1	315.0	203.0

2019-03-06-15-43-10-732	4432	0	0	1225.0	929.0

2019-03-06-15-43-10-787	4433	0	1	1225.0	929.0

2019-03-06-15-43-10-985	4434	0	0	1445.0	244.0

2019-03-06-15-43-11-052	4435	0	1	1445.0	244.0

2019-03-06-15-43-11-189	4436	0	0	842.0	178.0

2019-03-06-15-43-11-238	4437	0	1	842.0	178.0

2019-03-06-15-43-11-338	4438	0	0	1174.0	909.0

2019-03-06-15-43-11-418	4439	0	1	1173.0	869.8127

2019-03-06-15-43-11-547	4440	0	0	1429.0	240.0

2019-03-06-15-43-11-655	4441	0	1	1429.0	248.0

2019-03-06-15-43-11-845	4442	0	0	869.0	162.0

2019-03-06-15-43-11-895	4443	0	1	869.0	162.0

2019-03-06-15-43-12-001	4444	0	0	1154.0	851.0

2019-03-06-15-43-12-094	4445	0	1	1154.0	851.0

2019-03-06-15-43-12-588	4446	0	0	1441.0	254.0

2019-03-06-15-43-12-637	4447	0	1	1441.0	254.0

2019-03-06-15-43-12-709	4448	0	0	337.0	396.0

2019-03-06-15-43-12-793	4449	0	1	337.0	396.0

2019-03-06-15-43-12-871	4450	0	0	1170.0	847.0

2019-03-06-15-43-12-924	4451	0	1	1170.0	847.0

2019-03-06-15-43-13-233	4452	0	0	999.0	639.0

2019-03-06-15-43-13-283	4453	0	1	999.0	639.0

2019-03-06-15-43-13-466	4454	0	0	487.0	223.0

2019-03-06-15-43-13-544	4455	0	1	487.0	223.0

2019-03-06-15-43-13-680	4456	0	0	1052.0	196.0

2019-03-06-15-43-13-768	4457	0	1	1052.0	196.0

2019-03-06-15-43-14-001	4458	0	0	1103.0	843.0

2019-03-06-15-43-14-090	4459	0	1	1103.0	843.0

2019-03-06-15-43-15-453	4460	0	0	879.0	201.0

2019-03-06-15-43-15-550	4461	0	1	879.0	201.0

2019-03-06-15-43-15-621	4462	0	0	1490.0	205.0

2019-03-06-15-43-15-714	4463	0	1	1490.0	205.0

2019-03-06-15-43-15-742	4464	0	0	682.0	203.0

2019-03-06-15-43-15-794	4465	0	5	1493.0	199.0

2019-03-06-15-43-15-823	4466	0	6	682.0	203.0

2019-03-06-15-43-15-877	4467	0	1	1493.0	204.0

2019-03-06-15-43-16-032	4468	0	0	1332.0	668.0

2019-03-06-15-43-16-098	4469	0	1	1332.0	668.0

2019-03-06-15-43-16-126	4470	0	0	914.0	414.0

2019-03-06-15-43-16-203	4471	0	1	914.0	414.0

2019-03-06-15-43-16-254	4472	0	0	1198.0	819.0

2019-03-06-15-43-16-320	4473	0	1	1198.0	819.0

2019-03-06-15-43-16-375	4474	0	0	828.0	178.0

2019-03-06-15-43-16-507	4475	0	1	828.0	178.0

2019-03-06-15-43-16-575	4476	0	0	1660.0	187.0

2019-03-06-15-43-16-672	4477	0	1	1660.0	187.0

2019-03-06-15-43-16-875	4478	0	0	1225.0	830.0

2019-03-06-15-43-16-970	4479	0	1	1225.0	830.0

2019-03-06-15-43-17-078	4480	0	0	797.0	186.0

2019-03-06-15-43-17-175	4481	0	1	824.0	194.0

2019-03-06-15-43-17-291	4482	0	0	1033.0	162.0

2019-03-06-15-43-17-380	4483	0	1	1033.0	162.0

2019-03-06-15-43-17-427	4484	0	0	1772.0	183.0

2019-03-06-15-43-17-505	4485	0	1	1772.0	183.0

2019-03-06-15-43-17-677	4486	0	0	463.0	226.0

2019-03-06-15-43-17-791	4487	0	1	463.0	226.0

2019-03-06-15-43-17-822	4488	0	0	1245.0	890.0

2019-03-06-15-43-17-889	4489	0	1	1248.0	877.0

2019-03-06-15-43-18-085	4490	0	0	1501.0	159.0

2019-03-06-15-43-18-175	4491	0	1	1501.0	159.0

2019-03-06-15-43-18-328	4492	0	0	1388.0	596.0

2019-03-06-15-43-18-423	4493	0	1	1388.0	596.0

2019-03-06-15-43-18-549	4494	0	0	1331.0	891.0

2019-03-06-15-43-18-597	4495	0	1	1331.0	891.0

2019-03-06-15-43-18-685	4496	0	0	845.0	172.0

2019-03-06-15-43-18-739	4497	0	1	845.0	172.0

2019-03-06-15-43-18-863	4498	0	0	1201.0	371.0

2019-03-06-15-43-18-935	4499	0	1	1201.0	371.0

2019-03-06-15-43-19-047	4500	0	0	1468.0	138.0

2019-03-06-15-43-19-113	4501	0	1	1468.0	138.0

2019-03-06-15-43-19-163	4502	0	0	340.0	399.0

2019-03-06-15-43-19-238	4503	0	1	340.0	399.0

2019-03-06-15-43-19-308	4504	0	0	1119.0	814.0

2019-03-06-15-43-19-358	4505	0	1	1119.0	814.0

2019-03-06-15-43-19-532	4506	0	0	1595.0	599.0

2019-03-06-15-43-19-600	4507	0	1	1595.0	599.0

2019-03-06-15-43-19-697	4508	0	0	104.0	474.0

2019-03-06-15-43-19-748	4509	0	1	104.0	474.0

2019-03-06-15-43-19-783	4510	0	0	1425.0	647.0

2019-03-06-15-43-19-813	4511	0	1	1425.0	647.0

2019-03-06-15-43-19-913	4512	0	0	1431.0	644.0

2019-03-06-15-43-19-980	4513	0	1	1431.0	644.0

2019-03-06-15-43-20-142	4514	0	0	453.0	236.0

2019-03-06-15-43-20-194	4515	0	1	453.0	236.0

2019-03-06-15-43-20-309	4516	0	0	661.0	206.0

2019-03-06-15-43-20-400	4517	0	1	661.0	206.0

2019-03-06-15-43-20-537	4518	0	0	1177.0	924.0

2019-03-06-15-43-20-651	4519	0	1	1177.0	924.0

2019-03-06-15-43-21-184	4520	0	0	1425.0	221.0

2019-03-06-15-43-21-321	4521	0	1	1417.0	188.0

2019-03-06-15-43-21-519	4522	0	0	1168.0	898.0

2019-03-06-15-43-21-546	4523	0	1	1168.0	898.0

2019-03-06-15-43-21-742	4524	0	0	1156.0	398.0

2019-03-06-15-43-21-809	4525	0	1	1156.0	398.0

2019-03-06-15-43-21-841	4526	0	0	108.0	444.0

2019-03-06-15-43-21-910	4527	0	1	108.0	444.0

2019-03-06-15-43-22-007	4528	0	0	947.0	614.0

2019-03-06-15-43-22-041	4529	0	1	947.0	614.0

2019-03-06-15-43-22-139	4530	0	0	515.0	198.0

2019-03-06-15-43-22-227	4531	0	1	515.0	198.0

2019-03-06-15-43-22-284	4532	0	0	1026.0	875.0

2019-03-06-15-43-22-372	4533	0	1	1026.0	875.0

2019-03-06-15-43-22-537	4534	0	0	337.0	395.0

2019-03-06-15-43-22-616	4535	0	1	337.0	395.0

2019-03-06-15-43-22-646	4536	0	0	1665.0	157.0

2019-03-06-15-43-22-755	4537	0	1	1665.0	157.0

2019-03-06-15-43-22-906	4538	0	0	1205.0	932.0

2019-03-06-15-43-22-997	4539	0	1	1205.0	932.0

2019-03-06-15-43-23-211	4540	0	0	1597.0	625.0

2019-03-06-15-43-23-279	4541	0	1	1597.0	612.0

2019-03-06-15-43-23-462	4542	0	0	1224.0	200.0

2019-03-06-15-43-23-551	4543	0	1	1224.0	200.0

2019-03-06-15-43-23-620	4544	0	0	745.0	571.0

2019-03-06-15-43-23-698	4545	0	1	745.0	571.0

2019-03-06-15-43-23-854	4546	0	0	1183.0	437.0

2019-03-06-15-43-23-922	4547	0	1	1183.0	437.0

2019-03-06-15-43-24-061	4548	0	0	1173.0	861.0

2019-03-06-15-43-24-108	4549	0	1	1173.0	861.0

2019-03-06-15-43-24-346	4550	0	0	829.0	126.0

2019-03-06-15-43-24-411	4551	0	1	829.0	126.0

2019-03-06-15-43-24-520	4552	0	0	1714.0	164.0

2019-03-06-15-43-24-608	4553	0	1	1714.0	164.0

2019-03-06-15-43-24-798	4554	0	0	1246.0	922.0

2019-03-06-15-43-24-891	4555	0	1	1255.239	901.52203

2019-03-06-15-43-25-009	4556	0	0	516.0	351.0

2019-03-06-15-43-25-098	4557	0	1	516.0	351.0

2019-03-06-15-43-25-137	4558	0	0	1607.0	208.0

2019-03-06-15-43-25-215	4559	0	1	1607.0	208.0

2019-03-06-15-43-25-680	4560	0	0	1448.0	165.0

2019-03-06-15-43-25-782	4561	0	1	1448.0	165.0

2019-03-06-15-43-25-922	4562	0	0	1171.0	915.0

2019-03-06-15-43-25-994	4563	0	1	1171.0	896.0

2019-03-06-15-43-26-143	4564	0	0	1402.0	416.0

2019-03-06-15-43-26-205	4565	0	1	1419.0	379.0

2019-03-06-15-43-26-338	4566	0	0	1279.0	154.0

2019-03-06-15-43-26-397	4567	0	1	1247.0	154.0

2019-03-06-15-43-26-505	4568	0	0	425.0	384.0

2019-03-06-15-43-26-601	4569	0	1	425.0	384.0

2019-03-06-15-43-26-659	4570	0	0	895.0	229.0

2019-03-06-15-43-26-739	4571	0	1	895.0	229.0

2019-03-06-15-43-26-907	4572	0	0	1008.0	864.0

2019-03-06-15-43-26-990	4573	0	1	1008.0	864.0

2019-03-06-15-43-27-372	4574	0	0	340.0	262.0

2019-03-06-15-43-27-538	4575	0	1	301.0	221.0

2019-03-06-15-43-27-699	4576	0	0	156.0	354.0

2019-03-06-15-43-27-796	4577	0	1	131.0	360.0

2019-03-06-15-43-27-954	4578	0	0	1410.0	615.0

2019-03-06-15-43-28-028	4579	0	1	1410.0	615.0

2019-03-06-15-43-28-298	4580	0	0	833.0	161.0

2019-03-06-15-43-28-394	4581	0	1	833.0	161.0

2019-03-06-15-43-28-452	4582	0	0	1213.0	826.0

2019-03-06-15-43-28-506	4583	0	1	1213.0	826.0

2019-03-06-15-43-28-589	4584	0	0	863.0	152.0

2019-03-06-15-43-28-663	4585	0	1	863.0	152.0

2019-03-06-15-43-28-722	4586	0	0	1649.0	159.0

2019-03-06-15-43-28-818	4587	0	1	1649.0	159.0

2019-03-06-15-43-28-983	4588	0	0	1173.0	904.0

2019-03-06-15-43-29-067	4589	0	1	1154.0	870.0

2019-03-06-15-43-29-211	4590	0	0	1171.0	407.0

2019-03-06-15-43-29-291	4591	0	1	1171.0	407.0

2019-03-06-15-43-29-331	4592	0	0	117.0	426.0

2019-03-06-15-43-29-404	4593	0	1	117.0	426.0

2019-03-06-15-43-29-476	4594	0	0	977.0	578.0

2019-03-06-15-43-29-560	4595	0	1	977.0	578.0

2019-03-06-15-43-29-767	4596	0	0	480.0	257.0

2019-03-06-15-43-29-859	4597	0	1	480.0	257.0

2019-03-06-15-43-29-926	4598	0	0	1035.0	836.0

2019-03-06-15-43-30-013	4599	0	1	1042.0	842.0

2019-03-06-15-43-30-238	4600	0	0	1749.0	459.0

2019-03-06-15-43-30-322	4601	0	1	1749.0	459.0

2019-03-06-15-43-30-526	4602	0	0	1208.0	222.0

2019-03-06-15-43-30-592	4603	0	1	1208.0	222.0

2019-03-06-15-43-30-781	4604	0	0	1416.0	582.0

2019-03-06-15-43-30-825	4605	0	1	1416.0	582.0

2019-03-06-15-43-30-895	4606	0	0	702.0	588.0

2019-03-06-15-43-30-958	4607	0	1	702.0	588.0

2019-03-06-15-43-31-022	4608	0	0	1179.0	352.0

2019-03-06-15-43-31-103	4609	0	1	1179.0	352.0

2019-03-06-15-43-31-247	4610	0	0	1165.0	945.0

2019-03-06-15-43-31-296	4611	0	1	1165.0	945.0

2019-03-06-15-43-31-532	4612	0	0	127.0	394.0

2019-03-06-15-43-31-624	4613	0	1	97.0	398.0

2019-03-06-15-43-31-667	4614	0	0	1426.0	621.0

2019-03-06-15-43-31-720	4615	0	1	1426.0	621.0

2019-03-06-15-43-31-803	4616	0	0	580.0	391.0

2019-03-06-15-43-31-863	4617	0	1	580.0	391.0

2019-03-06-15-43-31-895	4618	0	0	1183.0	841.0

2019-03-06-15-43-31-960	4619	0	1	1183.0	841.0

2019-03-06-15-43-32-070	4620	0	0	902.0	375.0

2019-03-06-15-43-32-161	4621	0	5	1646.0	138.0

2019-03-06-15-43-32-170	4622	0	6	902.0	375.0

2019-03-06-15-43-32-225	4623	0	1	1637.0	150.0

2019-03-06-15-43-32-355	4624	0	0	1213.0	955.0

2019-03-06-15-43-32-405	4625	0	1	1205.972	928.88824

2019-03-06-15-43-32-538	4626	0	0	1181.0	535.0

2019-03-06-15-43-32-600	4627	0	1	1181.0	535.0

2019-03-06-15-43-32-646	4628	0	0	106.0	429.0

2019-03-06-15-43-32-705	4629	0	1	106.0	429.0

2019-03-06-15-43-32-831	4630	0	0	711.0	641.0

2019-03-06-15-43-32-874	4631	0	1	711.0	641.0

2019-03-06-15-43-32-938	4632	0	0	1481.0	503.0

2019-03-06-15-43-32-984	4633	0	1	1481.0	503.0

2019-03-06-15-43-33-117	4634	0	0	1188.0	943.0

2019-03-06-15-43-33-153	4635	0	1	1188.0	943.0

2019-03-06-15-43-33-270	4636	0	0	1110.0	385.0

2019-03-06-15-43-33-363	4637	0	1	1110.0	385.0

2019-03-06-15-43-33-464	4638	0	0	1667.0	156.0

2019-03-06-15-43-33-529	4639	0	1	1667.0	156.0

2019-03-06-15-43-33-652	4640	0	0	1459.0	590.0

2019-03-06-15-43-33-698	4641	0	1	1459.0	590.0

2019-03-06-15-43-33-767	4642	0	0	419.0	212.0

2019-03-06-15-43-33-870	4643	0	1	430.0	238.0

2019-03-06-15-43-33-918	4644	0	0	1223.0	867.0

2019-03-06-15-43-33-992	4645	0	1	1223.0	867.0

2019-03-06-15-43-34-699	4646	0	0	1664.0	176.0

2019-03-06-15-43-34-780	4647	0	1	1664.0	176.0

2019-03-06-15-43-34-917	4648	0	0	1329.0	636.0

2019-03-06-15-43-34-944	4649	0	1	1329.0	636.0

2019-03-06-15-43-35-034	4650	0	0	425.0	198.0

2019-03-06-15-43-35-115	4651	0	1	425.0	198.0

2019-03-06-15-43-35-131	4652	0	0	1238.0	917.0

2019-03-06-15-43-35-189	4653	0	1	1230.8597	892.8191

2019-03-06-15-43-35-314	4654	0	0	593.0	409.0

2019-03-06-15-43-35-347	4655	0	1	593.0	409.0

2019-03-06-15-43-35-474	4656	0	0	72.0	392.0

2019-03-06-15-43-35-549	4657	0	1	72.0	392.0

2019-03-06-15-43-35-576	4658	0	0	1058.0	159.0

2019-03-06-15-43-35-638	4659	0	1	1058.0	159.0

2019-03-06-15-43-35-788	4660	0	0	1121.0	832.0

2019-03-06-15-43-35-854	4661	0	1	1121.0	832.0

2019-03-06-15-43-36-372	4662	0	0	1427.0	204.0

2019-03-06-15-43-36-447	4663	0	1	1427.0	204.0

2019-03-06-15-43-36-730	4664	0	0	1199.0	930.0

2019-03-06-15-43-36-801	4665	0	1	1199.0	930.0

2019-03-06-15-43-37-184	4666	0	0	294.0	161.0

2019-03-06-15-43-37-233	4667	0	1	294.0	161.0

2019-03-06-15-43-37-341	4668	0	0	46.0	356.0

2019-03-06-15-43-37-408	4669	0	1	46.0	356.0

2019-03-06-15-43-37-449	4670	0	0	1366.0	684.0

2019-03-06-15-43-37-511	4671	0	1	1366.0	684.0

2019-03-06-15-43-37-635	4672	0	0	795.0	230.0

2019-03-06-15-43-37-698	4673	0	1	795.0	230.0

2019-03-06-15-43-37-775	4674	0	0	1214.0	945.0

2019-03-06-15-43-37-823	4675	0	1	1214.0	945.0

2019-03-06-15-43-37-855	4676	0	0	837.0	156.0

2019-03-06-15-43-37-947	4677	0	1	837.0	169.0

2019-03-06-15-43-38-038	4678	0	0	1675.0	128.0

2019-03-06-15-43-38-112	4679	0	1	1647.0	143.0

2019-03-06-15-43-38-270	4680	0	0	1197.0	945.0

2019-03-06-15-43-38-318	4681	0	1	1197.0	945.0

2019-03-06-15-43-38-497	4682	0	0	1731.0	445.0

2019-03-06-15-43-38-574	4683	0	1	1736.0	429.0

2019-03-06-15-43-38-623	4684	0	0	469.0	212.0

2019-03-06-15-43-38-711	4685	0	1	469.0	212.0

2019-03-06-15-43-38-858	4686	0	0	138.0	383.0

2019-03-06-15-43-38-935	4687	0	1	138.0	383.0

2019-03-06-15-43-38-993	4688	0	0	943.0	586.0

2019-03-06-15-43-39-069	4689	0	1	943.0	586.0

2019-03-06-15-43-39-183	4690	0	0	496.0	260.0

2019-03-06-15-43-39-259	4691	0	1	496.0	260.0

2019-03-06-15-43-39-316	4692	0	0	1101.0	926.0

2019-03-06-15-43-39-400	4693	0	1	1101.0	926.0

2019-03-06-15-43-39-530	4694	0	0	848.0	182.0

2019-03-06-15-43-39-598	4695	0	1	848.0	182.0

2019-03-06-15-43-39-714	4696	0	0	1192.0	424.0

2019-03-06-15-43-39-805	4697	0	1	1192.0	424.0

2019-03-06-15-43-39-922	4698	0	0	1397.0	174.0

2019-03-06-15-43-40-010	4699	0	1	1397.0	174.0

2019-03-06-15-43-40-090	4700	0	0	320.0	432.0

2019-03-06-15-43-40-122	4701	0	1	320.0	432.0

2019-03-06-15-43-40-323	4702	0	0	1133.0	869.0

2019-03-06-15-43-40-379	4703	0	1	1135.0	861.0

2019-03-06-15-43-40-482	4704	0	0	792.0	392.0

2019-03-06-15-43-40-537	4705	0	1	792.0	392.0

2019-03-06-15-43-40-654	4706	0	0	1291.0	117.0

2019-03-06-15-43-40-781	4707	0	1	1304.0	203.0

2019-03-06-15-43-40-851	4708	0	0	718.0	603.0

2019-03-06-15-43-40-914	4709	0	1	718.0	603.0

2019-03-06-15-43-40-991	4710	0	0	1605.0	429.0

2019-03-06-15-43-41-077	4711	0	1	1605.0	429.0

2019-03-06-15-43-41-193	4712	0	0	1494.0	222.0

2019-03-06-15-43-41-280	4713	0	1	1490.9716	208.91483

2019-03-06-15-43-41-404	4714	0	0	1361.0	531.0

2019-03-06-15-43-41-479	4715	0	1	1361.0	544.0

2019-03-06-15-43-41-526	4716	0	0	902.0	385.0

2019-03-06-15-43-41-611	4717	0	1	902.0	385.0

2019-03-06-15-43-41-691	4718	0	0	1266.0	757.0

2019-03-06-15-43-41-764	4719	0	1	1266.0	757.0

2019-03-06-15-43-42-054	4720	0	0	1891.0	120.0

2019-03-06-15-43-42-118	4721	0	1	1877.0	133.0

2019-03-06-15-43-42-254	4722	0	0	1755.0	397.0

2019-03-06-15-43-42-318	4723	0	1	1755.0	397.0

2019-03-06-15-43-42-397	4724	0	0	141.0	404.0

2019-03-06-15-43-42-444	4725	0	1	141.0	404.0

2019-03-06-15-43-42-643	4726	0	0	811.0	621.0

2019-03-06-15-43-42-711	4727	0	1	800.0	610.0

2019-03-06-15-43-42-980	4728	0	0	510.0	222.0

2019-03-06-15-43-43-098	4729	0	1	510.0	222.0

2019-03-06-15-43-43-294	4730	0	0	1163.0	875.0

2019-03-06-15-43-43-412	4731	0	1	1151.0	885.0

2019-03-06-15-43-43-873	4732	0	0	810.0	192.0

2019-03-06-15-43-43-965	4733	0	1	835.0	203.0

2019-03-06-15-43-44-038	4734	0	0	1156.0	471.0

2019-03-06-15-43-44-132	4735	0	1	1144.0	437.0

2019-03-06-15-43-44-269	4736	0	0	1304.0	201.0

2019-03-06-15-43-44-340	4737	0	1	1304.0	201.0

2019-03-06-15-43-44-389	4738	0	0	326.0	415.0

2019-03-06-15-43-44-485	4739	0	1	326.0	415.0

2019-03-06-15-43-44-622	4740	0	0	1132.0	905.0

2019-03-06-15-43-44-728	4741	0	1	1132.0	905.0

2019-03-06-15-43-44-910	4742	0	0	357.0	421.0

2019-03-06-15-43-44-960	4743	0	1	357.0	421.0

2019-03-06-15-43-45-139	4744	0	0	817.0	614.0

2019-03-06-15-43-45-206	4745	0	1	817.0	614.0

2019-03-06-15-43-45-254	4746	0	0	1219.0	435.0

2019-03-06-15-43-45-335	4747	0	1	1240.0	419.0

2019-03-06-15-43-45-552	4748	0	0	1613.0	193.0

2019-03-06-15-43-45-663	4749	0	1	1613.0	193.0

2019-03-06-15-43-45-969	4750	0	0	1774.0	436.0

2019-03-06-15-43-46-025	4751	0	1	1774.0	436.0

2019-03-06-15-43-46-111	4752	0	0	1768.0	416.0

2019-03-06-15-43-46-177	4753	0	1	1768.0	416.0

2019-03-06-15-43-46-274	4754	0	0	1736.0	439.0

2019-03-06-15-43-46-332	4755	0	1	1736.0	439.0

2019-03-06-15-43-46-861	4756	0	0	1240.0	902.0

2019-03-06-15-43-46-952	4757	0	1	1229.0	853.0

2019-03-06-15-43-47-152	4758	0	0	1417.0	188.0

2019-03-06-15-43-47-232	4759	0	1	1417.0	188.0

2019-03-06-15-43-47-289	4760	0	0	386.0	448.0

2019-03-06-15-43-47-363	4761	0	1	386.0	448.0

2019-03-06-15-43-47-444	4762	0	0	1199.0	815.0

2019-03-06-15-43-47-543	4763	0	1	1199.0	815.0

2019-03-06-15-43-47-736	4764	0	0	682.0	216.0

2019-03-06-15-43-47-827	4765	0	1	682.0	216.0

2019-03-06-15-43-47-955	4766	0	0	1509.0	181.0

2019-03-06-15-43-48-058	4767	0	1	1509.0	181.0

2019-03-06-15-43-48-105	4768	0	0	497.0	429.0

2019-03-06-15-43-48-143	4769	0	1	497.0	429.0

2019-03-06-15-43-48-196	4770	0	0	1428.0	229.0

2019-03-06-15-43-48-281	4771	0	1	1428.0	229.0

2019-03-06-15-43-48-366	4772	0	0	779.0	602.0

2019-03-06-15-43-48-432	4773	0	1	779.0	602.0

2019-03-06-15-43-48-457	4774	0	0	1220.0	197.0

2019-03-06-15-43-48-535	4775	0	1	1220.0	197.0

2019-03-06-15-43-48-681	4776	0	0	1755.0	351.0

2019-03-06-15-43-48-784	4777	0	1	1755.0	351.0

2019-03-06-15-43-48-915	4778	0	0	1570.0	178.0

2019-03-06-15-43-48-995	4779	0	1	1564.9974	164.99245

2019-03-06-15-43-49-130	4780	0	0	1294.0	192.0

2019-03-06-15-43-49-223	4781	0	1	1294.0	192.0

2019-03-06-15-43-49-313	4782	0	0	348.0	380.0

2019-03-06-15-43-49-424	4783	0	1	338.97693	377.99487

2019-03-06-15-43-49-605	4784	0	0	1183.0	861.0

2019-03-06-15-43-49-640	4785	0	1	1183.0	861.0

2019-03-06-15-43-50-003	4786	0	0	1806.0	158.0

2019-03-06-15-43-50-064	4787	0	1	1806.0	158.0

2019-03-06-15-43-50-190	4788	0	0	1734.0	458.0

2019-03-06-15-43-50-249	4789	0	1	1734.0	458.0

2019-03-06-15-43-50-378	4790	0	0	515.0	211.0

2019-03-06-15-43-50-446	4791	0	1	502.0	216.0

2019-03-06-15-43-50-563	4792	0	0	162.0	365.0

2019-03-06-15-43-50-628	4793	0	1	162.0	365.0

2019-03-06-15-43-50-717	4794	0	0	433.0	414.0

2019-03-06-15-43-50-814	4795	0	1	441.0	380.0

2019-03-06-15-43-50-867	4796	0	0	503.0	252.0

2019-03-06-15-43-50-948	4797	0	1	503.0	252.0

2019-03-06-15-43-51-003	4798	0	0	1253.0	857.0

2019-03-06-15-43-51-076	4799	0	1	1255.0	843.0

2019-03-06-15-43-51-230	4800	0	0	1739.0	390.0

2019-03-06-15-43-51-303	4801	0	1	1730.0	410.0

2019-03-06-15-43-51-344	4802	0	0	439.0	236.0

2019-03-06-15-43-51-403	4803	0	1	439.0	236.0

2019-03-06-15-43-51-605	4804	0	0	828.0	190.0

2019-03-06-15-43-51-676	4805	0	1	828.0	190.0

2019-03-06-15-43-51-782	4806	0	0	1255.0	873.0

2019-03-06-15-43-51-845	4807	0	1	1255.0	873.0

2019-03-06-15-43-52-045	4808	0	0	1507.0	603.0

2019-03-06-15-43-52-088	4809	0	1	1507.0	603.0

2019-03-06-15-43-52-274	4810	0	0	395.0	271.0

2019-03-06-15-43-52-363	4811	0	1	395.0	271.0

2019-03-06-15-43-52-448	4812	0	0	1240.0	882.0

2019-03-06-15-43-52-521	4813	0	1	1258.0	857.0

2019-03-06-15-43-52-713	4814	0	0	143.0	352.0

2019-03-06-15-43-52-800	4815	0	1	143.0	352.0

2019-03-06-15-43-52-831	4816	0	0	1766.0	429.0

2019-03-06-15-43-52-906	4817	0	1	1742.8591	412.8873

2019-03-06-15-43-53-009	4818	0	0	1670.0	209.0

2019-03-06-15-43-53-090	4819	0	1	1652.8701	226.12993

2019-03-06-15-43-53-199	4820	0	0	1389.0	606.0

2019-03-06-15-43-53-240	4821	0	1	1389.0	606.0

2019-03-06-15-43-53-281	4822	0	0	457.0	211.0

2019-03-06-15-43-53-372	4823	0	1	457.0	211.0

2019-03-06-15-43-53-436	4824	0	0	1254.0	852.0

2019-03-06-15-43-53-523	4825	0	1	1267.0	826.0

2019-03-06-15-43-53-900	4826	0	0	1531.0	180.0

2019-03-06-15-43-53-959	4827	0	1	1531.0	180.0

2019-03-06-15-43-54-146	4828	0	0	1232.0	776.0

2019-03-06-15-43-54-206	4829	0	1	1232.0	776.0

2019-03-06-15-43-54-416	4830	0	0	1361.0	405.0

2019-03-06-15-43-54-471	4831	0	1	1361.0	405.0

2019-03-06-15-43-54-611	4832	0	0	1304.0	185.0

2019-03-06-15-43-54-665	4833	0	1	1304.0	185.0

2019-03-06-15-43-54-729	4834	0	0	326.0	401.0

2019-03-06-15-43-54-806	4835	0	1	326.0	401.0

2019-03-06-15-43-54-849	4836	0	0	970.0	203.0

2019-03-06-15-43-54-947	4837	0	1	970.0	203.0

2019-03-06-15-43-55-092	4838	0	0	952.0	734.0

2019-03-06-15-43-55-214	4839	0	1	962.0	788.0

2019-03-06-15-43-55-240	4840	0	0	326.0	209.0

2019-03-06-15-43-55-291	4841	0	1	326.0	209.0

2019-03-06-15-43-55-398	4842	0	0	98.0	406.0

2019-03-06-15-43-55-484	4843	0	1	98.0	406.0

2019-03-06-15-43-55-524	4844	0	0	1404.0	600.0

2019-03-06-15-43-55-558	4845	0	1	1404.0	600.0

2019-03-06-15-43-55-818	4846	0	0	818.0	162.0

2019-03-06-15-43-55-881	4847	0	1	818.0	162.0

2019-03-06-15-43-55-976	4848	0	0	1146.0	804.0

2019-03-06-15-43-56-046	4849	0	1	1146.0	804.0

2019-03-06-15-43-56-286	4850	0	0	827.0	180.0

2019-03-06-15-43-56-371	4851	0	1	827.0	180.0

2019-03-06-15-43-56-436	4852	0	0	1623.0	157.0

2019-03-06-15-43-56-543	4853	0	1	1615.0	170.0

2019-03-06-15-43-56-712	4854	0	0	1157.0	867.0

2019-03-06-15-43-56-799	4855	0	1	1169.0	845.0

2019-03-06-15-43-56-992	4856	0	0	1732.0	367.0

2019-03-06-15-43-57-067	4857	0	1	1741.0	381.0

2019-03-06-15-43-57-143	4858	0	0	496.0	211.0

2019-03-06-15-43-57-202	4859	0	1	484.0	220.0

2019-03-06-15-43-57-332	4860	0	0	88.0	326.0

2019-03-06-15-43-57-416	4861	0	1	88.0	326.0

2019-03-06-15-43-57-448	4862	0	0	1021.0	650.0

2019-03-06-15-43-57-512	4863	0	1	1021.0	650.0

2019-03-06-15-43-57-613	4864	0	0	482.0	178.0

2019-03-06-15-43-57-691	4865	0	1	482.0	178.0

2019-03-06-15-43-57-756	4866	0	0	1159.0	879.0

2019-03-06-15-43-57-851	4867	0	1	1159.0	879.0

2019-03-06-15-44-01-867	4868	0	0	1147.0	399.0

2019-03-06-15-44-01-955	4869	0	1	1156.0	404.0

2019-03-06-15-44-02-057	4870	0	0	141.0	408.0

2019-03-06-15-44-02-115	4871	0	1	141.0	408.0

2019-03-06-15-44-02-186	4872	0	0	1809.0	174.0

2019-03-06-15-44-02-243	4873	0	1	1809.0	174.0

2019-03-06-15-44-02-337	4874	0	0	1777.0	182.0

2019-03-06-15-44-02-387	4875	0	1	1777.0	182.0

2019-03-06-15-44-02-591	4876	0	0	966.0	180.0

2019-03-06-15-44-02-659	4877	0	1	966.0	180.0

2019-03-06-15-44-02-742	4878	0	0	1193.0	883.0

2019-03-06-15-44-02-777	4879	0	1	1193.0	883.0

2019-03-06-15-44-02-934	4880	0	0	1088.0	651.0

2019-03-06-15-44-02-984	4881	0	1	1088.0	651.0

2019-03-06-15-44-03-182	4882	0	0	1433.0	206.0

2019-03-06-15-44-03-260	4883	0	1	1433.0	206.0

2019-03-06-15-44-03-308	4884	0	0	661.0	198.0

2019-03-06-15-44-03-370	4885	0	1	661.0	198.0

2019-03-06-15-44-03-664	4886	0	0	844.0	216.0

2019-03-06-15-44-03-699	4887	0	1	844.0	216.0

2019-03-06-15-44-03-806	4888	0	0	1144.0	401.0

2019-03-06-15-44-03-870	4889	0	1	1144.0	401.0

2019-03-06-15-44-03-974	4890	0	0	565.0	346.0

2019-03-06-15-44-04-051	4891	0	1	565.0	346.0

2019-03-06-15-44-04-176	4892	0	0	134.0	356.0

2019-03-06-15-44-04-265	4893	0	5	1053.0	205.0

2019-03-06-15-44-04-282	4894	0	6	101.0	347.0

2019-03-06-15-44-04-315	4895	0	1	1053.0	205.0

2019-03-06-15-44-04-473	4896	0	0	1083.0	808.0

2019-03-06-15-44-04-534	4897	0	1	1083.0	808.0

2019-03-06-15-44-04-634	4898	0	0	802.0	165.0

2019-03-06-15-44-04-715	4899	0	1	802.0	165.0

2019-03-06-15-44-04-811	4900	0	0	1658.0	153.0

2019-03-06-15-44-04-867	4901	0	1	1658.0	153.0

2019-03-06-15-44-05-043	4902	0	0	1140.0	788.0

2019-03-06-15-44-05-125	4903	0	1	1153.0	788.0

2019-03-06-15-44-05-529	4904	0	0	1568.0	600.0

2019-03-06-15-44-05-584	4905	0	1	1568.0	600.0

2019-03-06-15-44-05-977	4906	0	0	474.0	220.0

2019-03-06-15-44-06-102	4907	0	1	474.0	220.0

2019-03-06-15-44-06-417	4908	0	0	1192.0	916.0

2019-03-06-15-44-06-477	4909	0	1	1192.0	916.0

2019-03-06-15-44-07-023	4910	0	0	1469.0	256.0

2019-03-06-15-44-07-097	4911	0	1	1469.0	256.0

2019-03-06-15-44-07-254	4912	0	0	758.0	370.0

2019-03-06-15-44-07-295	4913	0	1	758.0	370.0

2019-03-06-15-44-07-359	4914	0	0	1226.0	778.0

2019-03-06-15-44-07-420	4915	0	1	1234.0	746.0

2019-03-06-15-44-07-581	4916	0	0	1630.0	217.0

2019-03-06-15-44-07-630	4917	0	1	1630.0	217.0

2019-03-06-15-44-07-754	4918	0	0	1360.0	608.0

2019-03-06-15-44-07-789	4919	0	1	1360.0	608.0

2019-03-06-15-44-07-829	4920	0	0	484.0	239.0

2019-03-06-15-44-07-910	4921	0	1	484.0	239.0

2019-03-06-15-44-07-927	4922	0	0	1197.0	859.0

2019-03-06-15-44-08-011	4923	0	1	1196.0	847.0

2019-03-06-15-44-08-076	4924	0	0	554.0	364.0

2019-03-06-15-44-08-164	4925	0	1	506.0	360.0

2019-03-06-15-44-08-267	4926	0	0	164.0	395.0

2019-03-06-15-44-08-337	4927	0	5	1076.0	164.0

2019-03-06-15-44-08-369	4928	0	6	164.0	395.0

2019-03-06-15-44-08-424	4929	0	1	1076.0	173.0

2019-03-06-15-44-08-633	4930	0	0	1112.0	801.0

2019-03-06-15-44-08-740	4931	0	1	1112.0	801.0

2019-03-06-15-44-09-272	4932	0	0	1483.0	174.0

2019-03-06-15-44-09-304	4933	0	1	1483.0	174.0

2019-03-06-15-44-09-456	4934	0	0	1189.0	818.0

2019-03-06-15-44-09-507	4935	0	1	1189.0	818.0

2019-03-06-15-44-09-561	4936	0	0	761.0	573.0

2019-03-06-15-44-09-643	4937	0	1	761.0	573.0

2019-03-06-15-44-09-700	4938	0	0	1630.0	228.0

2019-03-06-15-44-09-756	4939	0	1	1622.0	214.0

2019-03-06-15-44-09-861	4940	0	0	1330.0	198.0

2019-03-06-15-44-09-940	4941	0	1	1330.0	212.0

2019-03-06-15-44-10-056	4942	0	0	1679.0	416.0

2019-03-06-15-44-10-131	4943	0	1	1679.0	416.0

2019-03-06-15-44-10-221	4944	0	0	508.0	363.0

2019-03-06-15-44-10-314	4945	0	1	566.0	372.0

2019-03-06-15-44-10-339	4946	0	0	1235.0	750.0

2019-03-06-15-44-10-403	4947	0	1	1270.0	724.0

2019-03-06-15-44-10-559	4948	0	0	1709.0	400.0

2019-03-06-15-44-10-646	4949	0	1	1709.0	400.0

2019-03-06-15-44-10-719	4950	0	0	501.0	247.0

2019-03-06-15-44-10-811	4951	0	1	501.0	247.0

2019-03-06-15-44-10-948	4952	0	0	141.0	370.0

2019-03-06-15-44-11-047	4953	0	1	141.0	370.0

2019-03-06-15-44-11-080	4954	0	0	1016.0	610.0

2019-03-06-15-44-11-127	4955	0	1	1016.0	610.0

2019-03-06-15-44-11-212	4956	0	0	495.0	255.0

2019-03-06-15-44-11-282	4957	0	1	495.0	255.0

2019-03-06-15-44-11-325	4958	0	0	1136.0	907.0

2019-03-06-15-44-11-394	4959	0	1	1136.0	907.0

2019-03-06-15-44-11-857	4960	0	0	1186.0	394.0

2019-03-06-15-44-11-899	4961	0	1	1186.0	394.0

2019-03-06-15-44-11-946	4962	0	0	470.0	242.0

2019-03-06-15-44-12-015	4963	0	1	470.0	242.0

2019-03-06-15-44-12-114	4964	0	0	702.0	244.0

2019-03-06-15-44-12-166	4965	0	1	702.0	244.0

2019-03-06-15-44-12-265	4966	0	0	493.0	194.0

2019-03-06-15-44-12-352	4967	0	1	493.0	194.0

2019-03-06-15-44-12-413	4968	0	0	1188.0	898.0

2019-03-06-15-44-12-458	4969	0	1	1189.3236	872.8525

2019-03-06-15-44-12-649	4970	0	0	1432.0	215.0

2019-03-06-15-44-12-726	4971	0	1	1432.0	215.0

2019-03-06-15-44-12-902	4972	0	0	1158.0	796.0

2019-03-06-15-44-12-973	4973	0	1	1169.0	818.0

2019-03-06-15-44-13-049	4974	0	0	296.0	214.0

2019-03-06-15-44-13-120	4975	0	1	296.0	214.0

2019-03-06-15-44-13-256	4976	0	0	1745.0	207.0

2019-03-06-15-44-13-339	4977	0	1	1722.4452	195.2226

2019-03-06-15-44-13-435	4978	0	0	1350.0	209.0

2019-03-06-15-44-13-525	4979	0	1	1350.0	209.0

2019-03-06-15-44-13-677	4980	0	0	1767.0	393.0

2019-03-06-15-44-13-768	4981	0	1	1761.0	420.0

2019-03-06-15-44-13-829	4982	0	0	541.0	410.0

2019-03-06-15-44-13-878	4983	0	1	541.0	410.0

2019-03-06-15-44-13-976	4984	0	0	1254.0	799.0

2019-03-06-15-44-14-035	4985	0	1	1264.0	793.0

2019-03-06-15-44-14-182	4986	0	0	1789.0	410.0

2019-03-06-15-44-14-257	4987	0	1	1789.0	410.0

2019-03-06-15-44-14-300	4988	0	0	477.0	243.0

2019-03-06-15-44-14-376	4989	0	1	477.0	243.0

2019-03-06-15-44-14-522	4990	0	0	175.0	388.0

2019-03-06-15-44-14-614	4991	0	5	1019.0	637.0

2019-03-06-15-44-14-632	4992	0	6	175.0	388.0

2019-03-06-15-44-14-673	4993	0	1	1019.0	644.0

2019-03-06-15-44-14-837	4994	0	0	489.0	243.0

2019-03-06-15-44-14-914	4995	0	1	489.0	243.0

2019-03-06-15-44-14-964	4996	0	0	1107.0	951.0

2019-03-06-15-44-15-019	4997	0	1	1107.0	951.0

2019-03-06-15-44-15-170	4998	0	0	1189.0	432.0

2019-03-06-15-44-15-228	4999	0	1	1189.0	432.0

2019-03-06-15-44-15-270	5000	0	0	449.0	223.0

2019-03-06-15-44-15-326	5001	0	1	449.0	223.0

2019-03-06-15-44-15-432	5002	0	0	704.0	237.0

2019-03-06-15-44-15-499	5003	0	1	704.0	237.0

2019-03-06-15-44-15-583	5004	0	0	503.0	179.0

2019-03-06-15-44-15-666	5005	0	1	503.0	179.0

2019-03-06-15-44-15-764	5006	0	0	1151.0	893.0

2019-03-06-15-44-15-816	5007	0	1	1151.0	893.0

2019-03-06-15-44-15-951	5008	0	0	727.0	380.0

2019-03-06-15-44-15-975	5009	0	1	727.0	380.0

2019-03-06-15-44-16-495	5010	0	0	1602.0	150.0

2019-03-06-15-44-16-601	5011	0	1	1595.0	157.0

2019-03-06-15-44-17-060	5012	0	0	652.0	196.0

2019-03-06-15-44-17-123	5013	0	1	652.0	196.0

2019-03-06-15-44-17-304	5014	0	0	450.0	199.0

2019-03-06-15-44-17-367	5015	0	1	450.0	199.0

2019-03-06-15-44-17-584	5016	0	0	902.0	583.0

2019-03-06-15-44-17-659	5017	0	1	902.0	583.0

2019-03-06-15-44-17-837	5018	0	0	511.0	243.0

2019-03-06-15-44-17-877	5019	0	1	511.0	243.0

2019-03-06-15-44-17-984	5020	0	0	656.0	218.0

2019-03-06-15-44-18-059	5021	0	1	656.0	218.0

2019-03-06-15-44-18-144	5022	0	0	1170.0	855.0

2019-03-06-15-44-18-215	5023	0	1	1170.0	855.0

2019-03-06-15-44-18-380	5024	0	0	160.0	358.0

2019-03-06-15-44-18-447	5025	0	1	160.0	358.0

2019-03-06-15-44-18-491	5026	0	0	1402.0	602.0

2019-03-06-15-44-18-576	5027	0	1	1402.0	602.0

2019-03-06-15-44-18-651	5028	0	0	586.0	379.0

2019-03-06-15-44-18-776	5029	0	1	586.0	379.0

2019-03-06-15-44-18-794	5030	0	0	1205.0	770.0

2019-03-06-15-44-18-923	5031	0	1	1208.02	763.97003

