2019-03-06-16-32-44-243	0	131073	-0.06228879	0.8515915	0.5850781
2019-03-06-16-32-44-246	1	131074	-0.06080582	0.8061873	0.6085638
2019-03-06-16-32-44-249	2	131075	-0.08480316	0.8074415	0.5935251
2019-03-06-16-32-44-252	3	131076	-0.0203668	0.8278401	0.5696263
2019-03-06-16-32-44-255	4	65537	-0.3606449	0.7363623	0.5469779
2019-03-06-16-32-44-257	5	65538	-0.3517677	0.7907495	0.5127265
2019-03-06-16-32-44-261	6	65539	-0.3992172	0.7511514	0.3559071
2019-03-06-16-32-44-263	7	65540	-0.3459388	0.7816678	0.3703323
2019-03-06-16-32-44-266	8	65541	-0.4170581	0.6969704	0.5206125
2019-03-06-16-32-44-269	9	65542	-0.3763807	0.763587	0.5143461
2019-03-06-16-32-44-272	10	65543	-0.3539353	0.6923274	0.325205
2019-03-06-16-32-44-274	11	65544	-0.3845287	0.6775565	0.3649299
2019-03-06-16-32-44-278	12	51251	-0.119605	0.796645	0.5381398
2019-03-06-16-32-44-281	13	51257	-0.004202473	0.7922349	0.5303652
2019-03-06-16-32-44-284	14	51270	0.6502067	0.5805562	-0.2018304
2019-03-06-16-32-44-287	15	51271	0.4283228	0.6360283	0.06482676
2019-03-06-16-32-44-345	16	131073	-0.06228372	0.8516047	0.5852729
2019-03-06-16-32-44-348	17	131074	-0.06070516	0.80615	0.6086946
2019-03-06-16-32-44-350	18	131075	-0.08485232	0.8075857	0.5937112
2019-03-06-16-32-44-353	19	131076	-0.02032799	0.8279335	0.5698292
2019-03-06-16-32-44-355	20	65537	-0.3606863	0.7363588	0.5469865
2019-03-06-16-32-44-358	21	65538	-0.3518159	0.7907448	0.5127406
2019-03-06-16-32-44-360	22	65539	-0.399252	0.7511573	0.3559155
2019-03-06-16-32-44-363	23	65540	-0.3459781	0.7816756	0.3703417
2019-03-06-16-32-44-366	24	65541	-0.4171415	0.6968928	0.5206361
2019-03-06-16-32-44-368	25	65542	-0.376434	0.7636471	0.5143688
2019-03-06-16-32-44-370	26	65543	-0.3539698	0.6923116	0.3252031
2019-03-06-16-32-44-373	27	65544	-0.3845792	0.6776276	0.3649535
2019-03-06-16-32-44-376	28	51251	-0.1196201	0.7967592	0.5382648
2019-03-06-16-32-44-379	29	51257	-0.004240047	0.7923455	0.5304832
2019-03-06-16-32-44-381	30	51270	0.6748359	0.5849013	-0.204399
2019-03-06-16-32-44-384	31	51271	0.480757	0.6272157	0.04392053
2019-03-06-16-32-44-592	32	131073	-0.06228654	0.8516142	0.5850849
2019-03-06-16-32-44-594	33	131074	-0.06077024	0.8063047	0.6086164
2019-03-06-16-32-44-597	34	131075	-0.08480167	0.807466	0.5935302
2019-03-06-16-32-44-599	35	131076	-0.0203626	0.8278663	0.5696397
2019-03-06-16-32-44-602	36	65537	-0.3606434	0.7363765	0.5469861
2019-03-06-16-32-44-605	37	65538	-0.3517756	0.7908554	0.512748
2019-03-06-16-32-44-607	38	65539	-0.3992146	0.751159	0.3559121
2019-03-06-16-32-44-610	39	65540	-0.3459309	0.7816722	0.3703415
2019-03-06-16-32-44-613	40	65541	-0.4170538	0.6969838	0.5206183
2019-03-06-16-32-44-616	41	65542	-0.3763816	0.763649	0.5143576
2019-03-06-16-32-44-618	42	65543	-0.3539361	0.6923257	0.325206
2019-03-06-16-32-44-621	43	65544	-0.3845246	0.6775494	0.3649147
2019-03-06-16-32-44-624	44	51251	-0.119602	0.7966765	0.5381538
2019-03-06-16-32-44-627	45	51257	-0.004200958	0.7922565	0.5303841
2019-03-06-16-32-44-630	46	51270	0.7401413	0.6028557	-0.2148751
2019-03-06-16-32-44-633	47	51271	0.5512645	0.6147935	0.002019405
2019-03-06-16-32-44-657	48	131073	-0.06227933	0.851589	0.5851941
2019-03-06-16-32-44-661	49	131074	-0.0607272	0.8062009	0.6086375
2019-03-06-16-32-44-664	50	131075	-0.08480108	0.8074726	0.5935706
2019-03-06-16-32-44-667	51	131076	-0.02031995	0.8279145	0.5697625
2019-03-06-16-32-44-670	52	65537	-0.3606558	0.7363662	0.5469819
2019-03-06-16-32-44-673	53	65538	-0.3517952	0.7907705	0.5127475
2019-03-06-16-32-44-676	54	65539	-0.3992278	0.7511528	0.3559047
2019-03-06-16-32-44-679	55	65540	-0.3459472	0.7816691	0.3703348
2019-03-06-16-32-44-682	56	65541	-0.4170712	0.6969718	0.5206143
2019-03-06-16-32-44-685	57	65542	-0.3764008	0.7636538	0.5143659
2019-03-06-16-32-44-688	58	65543	-0.353947	0.6923104	0.3252016
2019-03-06-16-32-44-691	59	65544	-0.3845414	0.677587	0.3649366
2019-03-06-16-32-44-694	60	51251	-0.1196052	0.796693	0.5381935
2019-03-06-16-32-44-697	61	51257	-0.004203877	0.7922775	0.5304129
2019-03-06-16-32-44-700	62	51270	0.7591437	0.601598	-0.2180743
2019-03-06-16-32-44-703	63	51271	0.5783355	0.6058797	-0.007966578
2019-03-06-16-32-44-712	64	131073	-0.06230035	0.8516298	0.5852404
2019-03-06-16-32-44-716	65	131074	-0.06079045	0.8063303	0.6086935
2019-03-06-16-32-44-719	66	131075	-0.0848646	0.8075958	0.5936862
2019-03-06-16-32-44-722	67	131076	-0.02034295	0.8279613	0.5698051
2019-03-06-16-32-44-725	68	65537	-0.3607046	0.7365078	0.5470115
2019-03-06-16-32-44-729	69	65538	-0.3518153	0.7907867	0.5127511
2019-03-06-16-32-44-732	70	65539	-0.3992595	0.7512047	0.3559116
2019-03-06-16-32-44-734	71	65540	-0.3459883	0.7817131	0.3703589
2019-03-06-16-32-44-737	72	65541	-0.4171422	0.696922	0.5206355
2019-03-06-16-32-44-740	73	65542	-0.3764094	0.763545	0.5143347
2019-03-06-16-32-44-744	74	65543	-0.3539683	0.6923415	0.3251978
2019-03-06-16-32-44-747	75	65544	-0.3845747	0.6776738	0.3649688
2019-03-06-16-32-44-750	76	51251	-0.119636	0.7967713	0.5382361
2019-03-06-16-32-44-754	77	51257	-0.004249263	0.7923547	0.5304641
2019-03-06-16-32-44-757	78	51270	0.7772903	0.6005657	-0.2187216
2019-03-06-16-32-44-769	79	131073	-0.06230531	0.8515754	0.5850931
2019-03-06-16-32-44-772	80	131074	-0.06077889	0.8063026	0.608627
2019-03-06-16-32-44-776	81	131075	-0.08480377	0.8074583	0.5935377
2019-03-06-16-32-44-780	82	131076	-0.0203718	0.8278701	0.5696485
2019-03-06-16-32-44-783	83	65537	-0.3606434	0.7363846	0.5469987
2019-03-06-16-32-44-786	84	65538	-0.3517603	0.7907829	0.5127389
2019-03-06-16-32-44-789	85	65539	-0.3992129	0.7511765	0.3559294
2019-03-06-16-32-44-793	86	65540	-0.3459389	0.7816822	0.3703584
2019-03-06-16-32-44-796	87	65541	-0.4170557	0.6970041	0.5206386
2019-03-06-16-32-44-800	88	65542	-0.3763747	0.7635975	0.5143516
2019-03-06-16-32-44-803	89	65543	-0.3539401	0.6923207	0.3252206
2019-03-06-16-32-44-806	90	65544	-0.3845272	0.6775713	0.3649282
2019-03-06-16-32-44-809	91	51251	-0.1196119	0.7966658	0.5381636
2019-03-06-16-32-44-812	92	51257	-0.00420292	0.7922573	0.5303887
2019-03-06-16-32-44-816	93	51271	0.6018231	0.620729	-0.00149858
2019-03-06-16-32-44-828	94	131073	-0.06228036	0.851658	0.5851403
2019-03-06-16-32-44-832	95	131074	-0.06076513	0.8063362	0.6086507
2019-03-06-16-32-44-836	96	131075	-0.08483728	0.8075788	0.593643
2019-03-06-16-32-44-839	97	131076	-0.02032192	0.827944	0.5697573
2019-03-06-16-32-44-842	98	65537	-0.3606486	0.7364022	0.5469891
2019-03-06-16-32-44-846	99	65538	-0.3517752	0.7908144	0.5127347
2019-03-06-16-32-44-849	100	65539	-0.39922	0.751193	0.3559207
2019-03-06-16-32-44-852	101	65540	-0.3459454	0.7817037	0.3703416
2019-03-06-16-32-44-856	102	65541	-0.4170595	0.6970193	0.5206246
2019-03-06-16-32-44-859	103	65542	-0.3763866	0.7636433	0.5143583
2019-03-06-16-32-44-863	104	65543	-0.3539378	0.6923563	0.3252097
2019-03-06-16-32-44-867	105	65544	-0.3845342	0.677609	0.3649366
2019-03-06-16-32-44-869	106	51251	-0.1196012	0.7967366	0.5381961
2019-03-06-16-32-44-872	107	51257	-0.004212839	0.792334	0.5304225
2019-03-06-16-32-44-875	108	51271	0.6131867	0.6311653	0.002288699
2019-03-06-16-32-44-888	109	131073	-0.06227436	0.8516025	0.5852553
2019-03-06-16-32-44-892	110	131074	-0.06074302	0.8062449	0.6086943
2019-03-06-16-32-44-896	111	131075	-0.08484718	0.8075674	0.5936944
2019-03-06-16-32-44-900	112	131076	-0.02032745	0.8279323	0.5698071
2019-03-06-16-32-44-903	113	65537	-0.3606785	0.7363799	0.5469872
2019-03-06-16-32-44-906	114	65538	-0.3518137	0.7907619	0.5127437
2019-03-06-16-32-44-909	115	65539	-0.3992531	0.7512001	0.3559125
2019-03-06-16-32-44-913	116	65540	-0.3459773	0.7817081	0.3703448
2019-03-06-16-32-44-916	117	65541	-0.4171369	0.6969135	0.5206358
2019-03-06-16-32-44-920	118	65542	-0.3764054	0.7635384	0.5143349
2019-03-06-16-32-44-923	119	65543	-0.3539672	0.6923234	0.3251968
2019-03-06-16-32-44-927	120	65544	-0.3845638	0.6776004	0.3649416
2019-03-06-16-32-44-930	121	51251	-0.1196215	0.7967491	0.5382433
2019-03-06-16-32-44-934	122	51257	-0.004238402	0.7923365	0.5304611
2019-03-06-16-32-44-945	123	131073	-0.06229528	0.8516172	0.5851014
2019-03-06-16-32-44-950	124	131074	-0.06077906	0.8063138	0.6086354
2019-03-06-16-32-44-953	125	131075	-0.08480971	0.8074683	0.5935409
2019-03-06-16-32-44-956	126	131076	-0.02037237	0.8278731	0.5696577
2019-03-06-16-32-44-959	127	65537	-0.3606453	0.736394	0.5470056
2019-03-06-16-32-44-962	128	65538	-0.3517705	0.7908163	0.512747
2019-03-06-16-32-44-965	129	65539	-0.399216	0.7511665	0.3559279
2019-03-06-16-32-44-967	130	65540	-0.345939	0.7816845	0.3703626
2019-03-06-16-32-44-970	131	65541	-0.417059	0.6969991	0.5206405
2019-03-06-16-32-44-972	132	65542	-0.3763788	0.7636099	0.5143566
2019-03-06-16-32-44-975	133	65543	-0.3539414	0.6923242	0.3252249
2019-03-06-16-32-44-978	134	65544	-0.3845305	0.6775908	0.3649387
2019-03-06-16-32-44-981	135	51251	-0.1196181	0.7966678	0.5381723
2019-03-06-16-32-44-984	136	51257	-0.004210331	0.792264	0.5304007
2019-03-06-16-32-44-997	137	131073	-0.06227204	0.8516412	0.5851403
2019-03-06-16-32-45-001	138	131074	-0.06077114	0.806327	0.6086456
2019-03-06-16-32-45-004	139	131075	-0.08484278	0.807561	0.5936328
2019-03-06-16-32-45-007	140	131076	-0.0203251	0.8279381	0.5697516
2019-03-06-16-32-45-010	141	65537	-0.3606461	0.7364069	0.5469955
2019-03-06-16-32-45-018	142	65538	-0.3517662	0.7907801	0.5127287
2019-03-06-16-32-45-021	143	65539	-0.3992252	0.7512131	0.3559195
2019-03-06-16-32-45-024	144	65540	-0.3459488	0.7816982	0.3703448
2019-03-06-16-32-45-028	145	65541	-0.4170623	0.69701	0.5206286
2019-03-06-16-32-45-031	146	65542	-0.3763804	0.763607	0.5143497
2019-03-06-16-32-45-034	147	65543	-0.3539416	0.6923469	0.3252161
2019-03-06-16-32-45-036	148	65544	-0.3845264	0.6775475	0.3649197
2019-03-06-16-32-45-039	149	51251	-0.1196095	0.7967166	0.5381869
2019-03-06-16-32-45-042	150	51257	-0.004205079	0.7923009	0.5304117
2019-03-06-16-32-45-052	151	131073	-0.06225787	0.8516581	0.5852501
2019-03-06-16-32-45-055	152	131074	-0.06072101	0.8062302	0.6086834
2019-03-06-16-32-45-059	153	131075	-0.08483711	0.8075884	0.5936937
2019-03-06-16-32-45-062	154	131076	-0.02031747	0.8279556	0.5698135
2019-03-06-16-32-45-065	155	65537	-0.360664	0.7363976	0.5469863
2019-03-06-16-32-45-068	156	65538	-0.3517861	0.7908125	0.5127366
2019-03-06-16-32-45-071	157	65539	-0.3992354	0.7512097	0.3559098
2019-03-06-16-32-45-074	158	65540	-0.3459562	0.7817109	0.3703442
2019-03-06-16-32-45-077	159	65541	-0.4170737	0.697003	0.5206208
2019-03-06-16-32-45-081	160	65542	-0.3764015	0.7636547	0.5143623
2019-03-06-16-32-45-084	161	65543	-0.3539501	0.6923462	0.3252043
2019-03-06-16-32-45-087	162	65544	-0.3845501	0.6776638	0.364959
2019-03-06-16-32-45-090	163	51251	-0.1196103	0.7967739	0.5382461
2019-03-06-16-32-45-094	164	51257	-0.004225542	0.7923517	0.530468
2019-03-06-16-32-45-104	165	131073	-0.06230171	0.8516454	0.5851246
2019-03-06-16-32-45-108	166	131074	-0.06078179	0.8063279	0.6086406
2019-03-06-16-32-45-112	167	131075	-0.08485357	0.8075645	0.593637
2019-03-06-16-32-45-115	168	131076	-0.02037491	0.82789	0.5696707
2019-03-06-16-32-45-119	169	65537	-0.360659	0.7363917	0.5469967
2019-03-06-16-32-45-122	170	65538	-0.3517696	0.7907457	0.5127201
2019-03-06-16-32-45-126	171	65539	-0.3992258	0.7511739	0.3559195
2019-03-06-16-32-45-130	172	65540	-0.3459476	0.7816997	0.370352
2019-03-06-16-32-45-133	173	65541	-0.4170663	0.6970071	0.5206314
2019-03-06-16-32-45-136	174	65542	-0.3763936	0.7636414	0.5143609
2019-03-06-16-32-45-139	175	65543	-0.3539465	0.6923431	0.3252132
2019-03-06-16-32-45-141	176	65544	-0.3845441	0.6776009	0.3649366
2019-03-06-16-32-45-145	177	51251	-0.119623	0.7967036	0.538185
2019-03-06-16-32-45-148	178	51257	-0.004229041	0.7923176	0.5304175
2019-03-06-16-32-45-160	179	131073	-0.06228868	0.8515905	0.5851833
2019-03-06-16-32-45-163	180	131074	-0.06077484	0.8063058	0.6086496
2019-03-06-16-32-45-167	181	131075	-0.08480459	0.8074775	0.5935653
2019-03-06-16-32-45-170	182	131076	-0.02033038	0.8279272	0.569752
2019-03-06-16-32-45-174	183	65537	-0.3606563	0.7363906	0.5469964
2019-03-06-16-32-45-178	184	65538	-0.3517756	0.7907801	0.5127401
2019-03-06-16-32-45-183	185	65539	-0.3992228	0.7511709	0.3559196
2019-03-06-16-32-45-187	186	65540	-0.3459534	0.7816921	0.3703487
2019-03-06-16-32-45-191	187	65541	-0.4170669	0.6969966	0.5206293
2019-03-06-16-32-45-195	188	65542	-0.3763847	0.7635803	0.5143466
2019-03-06-16-32-45-200	189	65543	-0.3539458	0.6923324	0.3252103
2019-03-06-16-32-45-204	190	65544	-0.38454	0.6776242	0.3649542
2019-03-06-16-32-45-208	191	51251	-0.1196156	0.7967044	0.5381877
2019-03-06-16-32-45-212	192	51257	-0.004215038	0.7922865	0.5304084
2019-03-06-16-32-45-222	193	131073	-0.06228981	0.8516381	0.5852577
2019-03-06-16-32-45-227	194	131074	-0.06073909	0.8062384	0.6086854
2019-03-06-16-32-45-231	195	131075	-0.08485734	0.8076037	0.593697
2019-03-06-16-32-45-235	196	131076	-0.02033199	0.827969	0.5698175
2019-03-06-16-32-45-238	197	65537	-0.3606874	0.7364523	0.5470109
2019-03-06-16-32-45-241	198	65538	-0.3518031	0.7907991	0.5127299
2019-03-06-16-32-45-245	199	65539	-0.3992463	0.7512132	0.3559217
2019-03-06-16-32-45-249	200	65540	-0.3459697	0.7817125	0.3703576
2019-03-06-16-32-45-252	201	65541	-0.417084	0.6970127	0.5206303
2019-03-06-16-32-45-256	202	65542	-0.3764036	0.7635775	0.5143406
2019-03-06-16-32-45-259	203	65543	-0.3539618	0.6923372	0.32521
2019-03-06-16-32-45-263	204	65544	-0.3845645	0.6776543	0.3649533
2019-03-06-16-32-45-266	205	51251	-0.1196248	0.7967717	0.5382529
2019-03-06-16-32-45-275	206	51257	-0.004238435	0.7923754	0.5304738
2019-03-06-16-32-45-285	207	131073	-0.0622807	0.8516317	0.5851259
2019-03-06-16-32-45-288	208	131074	-0.06072832	0.8062102	0.6086203
2019-03-06-16-32-45-291	209	131075	-0.08483735	0.8075573	0.593631
2019-03-06-16-32-45-295	210	131076	-0.02033634	0.8279703	0.5697325
2019-03-06-16-32-45-299	211	65537	-0.3606452	0.7363861	0.5469942
2019-03-06-16-32-45-303	212	65538	-0.3517668	0.790801	0.5127382
2019-03-06-16-32-45-306	213	65539	-0.3992141	0.7511728	0.3559202
2019-03-06-16-32-45-310	214	65540	-0.345939	0.7816825	0.3703476
2019-03-06-16-32-45-314	215	65541	-0.4170551	0.6969961	0.5206278
2019-03-06-16-32-45-318	216	65542	-0.3763831	0.7636509	0.5143628
2019-03-06-16-32-45-322	217	65543	-0.3539331	0.69233	0.3252103
2019-03-06-16-32-45-326	218	65544	-0.384531	0.6776118	0.3649411
2019-03-06-16-32-45-329	219	51251	-0.1196066	0.7966861	0.538178
2019-03-06-16-32-45-333	220	51257	-0.004203771	0.7922785	0.5303999
2019-03-06-16-32-45-343	221	131073	-0.06228796	0.8516124	0.5851629
2019-03-06-16-32-45-347	222	131074	-0.06076935	0.8063226	0.6086557
2019-03-06-16-32-45-350	223	131075	-0.08484851	0.8075569	0.5936485
2019-03-06-16-32-45-353	224	131076	-0.02033317	0.8279338	0.5697622
2019-03-06-16-32-45-357	225	65537	-0.3606654	0.7364494	0.5470131
2019-03-06-16-32-45-360	226	65538	-0.3517829	0.7908278	0.5127518
2019-03-06-16-32-45-364	227	65539	-0.3992244	0.7511808	0.3559227
2019-03-06-16-32-45-367	228	65540	-0.3459501	0.7817023	0.3703527
2019-03-06-16-32-45-370	229	65541	-0.4170689	0.6970047	0.5206296
2019-03-06-16-32-45-373	230	65542	-0.3763932	0.7636003	0.5143518
2019-03-06-16-32-45-376	231	65543	-0.3539442	0.6923367	0.3252136
2019-03-06-16-32-45-380	232	65544	-0.3845395	0.6776037	0.3649454
2019-03-06-16-32-45-383	233	51251	-0.1196147	0.7967201	0.5381998
2019-03-06-16-32-45-386	234	51257	-0.004215661	0.7922935	0.5304204
2019-03-06-16-32-45-398	235	131073	-0.06228781	0.8516225	0.5852526
2019-03-06-16-32-45-401	236	131074	-0.06073135	0.8062284	0.6086818
2019-03-06-16-32-45-404	237	131075	-0.08485419	0.8075864	0.5936916
2019-03-06-16-32-45-407	238	131076	-0.02033162	0.8279508	0.5698088
2019-03-06-16-32-45-410	239	65537	-0.3606743	0.7363937	0.5469941
2019-03-06-16-32-45-414	240	65538	-0.3518139	0.7908182	0.5127673
2019-03-06-16-32-45-417	241	65539	-0.3992433	0.7511734	0.35592
2019-03-06-16-32-45-420	242	65540	-0.3459709	0.781704	0.3703539
2019-03-06-16-32-45-423	243	65541	-0.4170796	0.696999	0.5206313
2019-03-06-16-32-45-426	244	65542	-0.3764083	0.7636003	0.5143561
2019-03-06-16-32-45-429	245	65543	-0.3539577	0.6923314	0.3252104
2019-03-06-16-32-45-433	246	65544	-0.3845601	0.6776047	0.3649452
2019-03-06-16-32-45-436	247	51251	-0.119624	0.7967522	0.5382422
2019-03-06-16-32-45-439	248	51257	-0.004236728	0.792348	0.5304664
2019-03-06-16-32-45-449	249	131073	-0.06229239	0.8516899	0.5851666
2019-03-06-16-32-45-453	250	131074	-0.06078129	0.8063433	0.6086614
2019-03-06-16-32-45-456	251	131075	-0.08486228	0.8075993	0.593654
2019-03-06-16-32-45-459	252	131076	-0.02035153	0.8280006	0.5697586
2019-03-06-16-32-45-462	253	65537	-0.3606775	0.7364699	0.5470128
2019-03-06-16-32-45-466	254	65538	-0.3517839	0.7907839	0.5127256
2019-03-06-16-32-45-469	255	65539	-0.3992361	0.7512154	0.3559198
2019-03-06-16-32-45-471	256	65540	-0.3459623	0.7817197	0.3703606
2019-03-06-16-32-45-474	257	65541	-0.4170766	0.697019	0.5206282
2019-03-06-16-32-45-477	258	65542	-0.3763956	0.7636137	0.514349
2019-03-06-16-32-45-480	259	65543	-0.3539519	0.6923525	0.3252178
2019-03-06-16-32-45-483	260	65544	-0.3845446	0.6776185	0.364939
2019-03-06-16-32-45-487	261	51251	-0.1196287	0.796777	0.5381985
2019-03-06-16-32-45-490	262	51257	-0.004239254	0.7923521	0.5304289
2019-03-06-16-32-45-500	263	131073	-0.0623096	0.8516141	0.5851309
2019-03-06-16-32-45-504	264	131074	-0.06078043	0.8063229	0.6086389
2019-03-06-16-32-45-506	265	131075	-0.0848134	0.807494	0.5935588
2019-03-06-16-32-45-509	266	131076	-0.02033685	0.8279402	0.569746
2019-03-06-16-32-45-513	267	65537	-0.3606496	0.7364075	0.546997
2019-03-06-16-32-45-516	268	65538	-0.3517803	0.7908173	0.5127394
2019-03-06-16-32-45-519	269	65539	-0.3992218	0.7511935	0.3559261
2019-03-06-16-32-45-522	270	65540	-0.345947	0.7817121	0.3703512
2019-03-06-16-32-45-524	271	65541	-0.4170632	0.6970133	0.5206276
2019-03-06-16-32-45-528	272	65542	-0.3763851	0.7636108	0.5143502
2019-03-06-16-32-45-530	273	65543	-0.3539414	0.6923466	0.3252164
2019-03-06-16-32-45-534	274	65544	-0.384532	0.677609	0.364938
2019-03-06-16-32-45-537	275	51251	-0.1196189	0.7967175	0.5381828
2019-03-06-16-32-45-539	276	51257	-0.004232355	0.7923285	0.5304129
2019-03-06-16-32-45-552	277	131073	-0.06231168	0.8516344	0.5852405
2019-03-06-16-32-45-555	278	131074	-0.06078917	0.8063334	0.6086956
2019-03-06-16-32-45-558	279	131075	-0.08487193	0.8075959	0.59369
2019-03-06-16-32-45-561	280	131076	-0.02034622	0.8279642	0.569811
2019-03-06-16-32-45-565	281	65537	-0.3606876	0.7364466	0.5470206
2019-03-06-16-32-45-569	282	65538	-0.3518121	0.7907877	0.5127625
2019-03-06-16-32-45-572	283	65539	-0.3992442	0.751174	0.35593
2019-03-06-16-32-45-575	284	65540	-0.3459777	0.7817057	0.3703851
2019-03-06-16-32-45-579	285	65541	-0.4170837	0.6969953	0.5206366
2019-03-06-16-32-45-582	286	65542	-0.3764164	0.7636347	0.5143664
2019-03-06-16-32-45-586	287	65543	-0.353962	0.6923302	0.3252234
2019-03-06-16-32-45-589	288	65544	-0.3845659	0.6776466	0.364959
2019-03-06-16-32-45-593	289	51251	-0.1196335	0.7967678	0.5382471
2019-03-06-16-32-45-597	290	51257	-0.004250383	0.7923532	0.5304745
2019-03-06-16-32-45-607	291	131073	-0.06230116	0.8516068	0.5852158
2019-03-06-16-32-45-611	292	131074	-0.06078332	0.8063282	0.6086762
2019-03-06-16-32-45-614	293	131075	-0.08486453	0.8075827	0.5936685
2019-03-06-16-32-45-618	294	131076	-0.0203446	0.827947	0.5697823
2019-03-06-16-32-45-621	295	65537	-0.3606936	0.7364389	0.5470057
2019-03-06-16-32-45-624	296	65538	-0.3518217	0.7908134	0.5127635
2019-03-06-16-32-45-627	297	65539	-0.3992477	0.7511629	0.3559079
2019-03-06-16-32-45-632	298	65540	-0.345973	0.7816886	0.3703431
2019-03-06-16-32-45-635	299	65541	-0.4171378	0.6969087	0.5206333
2019-03-06-16-32-45-639	300	65542	-0.3764242	0.7636385	0.5143659
2019-03-06-16-32-45-642	301	65543	-0.353962	0.6923206	0.3252035
2019-03-06-16-32-45-646	302	65544	-0.3845662	0.6776071	0.364943
2019-03-06-16-32-45-650	303	51251	-0.1196341	0.7967485	0.5382242
2019-03-06-16-32-45-654	304	51257	-0.004247257	0.7923383	0.530452
2019-03-06-16-32-45-663	305	131073	-0.06231362	0.8516763	0.5851319
2019-03-06-16-32-45-667	306	131074	-0.06079317	0.8063549	0.6086373
2019-03-06-16-32-45-671	307	131075	-0.08486623	0.8075925	0.5936328
2019-03-06-16-32-45-675	308	131076	-0.0203602	0.8279976	0.5697326
2019-03-06-16-32-45-679	309	65537	-0.3606739	0.7364781	0.5470061
2019-03-06-16-32-45-682	310	65538	-0.351791	0.7908401	0.5127425
2019-03-06-16-32-45-686	311	65539	-0.3992367	0.7512321	0.3559148
2019-03-06-16-32-45-690	312	65540	-0.3459654	0.781736	0.3703652
2019-03-06-16-32-45-694	313	65541	-0.4170739	0.6970342	0.520621
2019-03-06-16-32-45-698	314	65542	-0.3764004	0.7636518	0.514359
2019-03-06-16-32-45-701	315	65543	-0.353946	0.6923712	0.3252075
2019-03-06-16-32-45-705	316	65544	-0.3845468	0.6776481	0.3649459
2019-03-06-16-32-45-708	317	51251	-0.1196412	0.7967704	0.5381771
2019-03-06-16-32-45-714	318	51257	-0.004246093	0.7923493	0.5304129
2019-03-06-16-32-45-725	319	131073	-0.0623003	0.85163	0.5852277
2019-03-06-16-32-45-729	320	131074	-0.06078075	0.8063357	0.6086847
2019-03-06-16-32-45-733	321	131075	-0.0848607	0.8075932	0.5936787
2019-03-06-16-32-45-736	322	131076	-0.02033615	0.8279564	0.5697971
2019-03-06-16-32-45-739	323	65537	-0.3606706	0.7363817	0.546994
2019-03-06-16-32-45-742	324	65538	-0.3518018	0.7908306	0.5127432
2019-03-06-16-32-45-746	325	65539	-0.3992382	0.7511609	0.355917
2019-03-06-16-32-45-749	326	65540	-0.3459622	0.7816952	0.3703561
2019-03-06-16-32-45-752	327	65541	-0.4170831	0.6969827	0.5206244
2019-03-06-16-32-45-755	328	65542	-0.3764145	0.7636423	0.5143616
2019-03-06-16-32-45-757	329	65543	-0.3539544	0.6923183	0.3252126
2019-03-06-16-32-45-760	330	65544	-0.3845556	0.6776381	0.3649549
2019-03-06-16-32-45-764	331	51251	-0.1196267	0.796754	0.5382285
2019-03-06-16-32-45-767	332	51257	-0.004240594	0.7923636	0.5304617
2019-03-06-16-32-45-777	333	131073	-0.06233501	0.8516536	0.5851925
2019-03-06-16-32-45-781	334	131074	-0.06080478	0.8063462	0.6086842
2019-03-06-16-32-45-783	335	131075	-0.08492298	0.807731	0.5936841
2019-03-06-16-32-45-786	336	131076	-0.02036217	0.827974	0.5697956
2019-03-06-16-32-45-789	337	65537	-0.3607096	0.7365292	0.5470271
2019-03-06-16-32-45-792	338	65538	-0.3518208	0.790782	0.5127549
2019-03-06-16-32-45-795	339	65539	-0.3992704	0.7512472	0.3559657
2019-03-06-16-32-45-798	340	65540	-0.3459886	0.7817172	0.3703805
2019-03-06-16-32-45-802	341	65541	-0.4170955	0.6970215	0.5206355
2019-03-06-16-32-45-804	342	65542	-0.3764274	0.763648	0.5143678
2019-03-06-16-32-45-807	343	65543	-0.3539703	0.6923442	0.3252213
2019-03-06-16-32-45-810	344	65544	-0.3845679	0.6776094	0.3649471
2019-03-06-16-32-45-813	345	51251	-0.1196479	0.7967754	0.5382348
2019-03-06-16-32-45-816	346	51257	-0.004263044	0.7923695	0.5304666
2019-03-06-16-32-45-825	347	131073	-0.06233556	0.8516333	0.5851408
2019-03-06-16-32-45-828	348	131074	-0.06080343	0.8063414	0.608645
2019-03-06-16-32-45-831	349	131075	-0.08487892	0.8075852	0.5936442
2019-03-06-16-32-45-835	350	131076	-0.02037537	0.827992	0.5697468
2019-03-06-16-32-45-838	351	65537	-0.3606981	0.7365192	0.5470158
2019-03-06-16-32-45-841	352	65538	-0.3518201	0.7908592	0.5127764
2019-03-06-16-32-45-843	353	65539	-0.3992467	0.7512148	0.3559179
2019-03-06-16-32-45-847	354	65540	-0.3459672	0.7817216	0.3703576
2019-03-06-16-32-45-849	355	65541	-0.417088	0.6970004	0.5206227
2019-03-06-16-32-45-852	356	65542	-0.3764154	0.7636414	0.5143647
2019-03-06-16-32-45-856	357	65543	-0.3539583	0.6923456	0.3252135
2019-03-06-16-32-45-858	358	65544	-0.3845494	0.6775761	0.3649328
2019-03-06-16-32-45-862	359	51251	-0.1196508	0.796766	0.5381837
2019-03-06-16-32-45-865	360	51257	-0.004262405	0.7923446	0.5304258
2019-03-06-16-32-45-876	361	131073	-0.06231478	0.8516821	0.5851516
2019-03-06-16-32-45-879	362	131074	-0.06079245	0.8063415	0.608652
2019-03-06-16-32-45-883	363	131075	-0.08487321	0.8076018	0.5936528
2019-03-06-16-32-45-886	364	131076	-0.02036382	0.8279982	0.5697539
2019-03-06-16-32-45-889	365	65537	-0.3606831	0.736444	0.5470067
2019-03-06-16-32-45-891	366	65538	-0.3518167	0.7908344	0.5127647
2019-03-06-16-32-45-894	367	65539	-0.3992389	0.7511789	0.3559182
2019-03-06-16-32-45-898	368	65540	-0.3459642	0.7817015	0.3703504
2019-03-06-16-32-45-901	369	65541	-0.4170799	0.6969971	0.5206227
2019-03-06-16-32-45-904	370	65542	-0.3764162	0.7636862	0.5143719
2019-03-06-16-32-45-908	371	65543	-0.353955	0.6923263	0.3252065
2019-03-06-16-32-45-911	372	65544	-0.3845553	0.6776071	0.3649411
2019-03-06-16-32-45-915	373	51251	-0.1196396	0.7967703	0.538192
2019-03-06-16-32-45-918	374	51257	-0.004246502	0.7923518	0.5304312
2019-03-06-16-32-45-929	375	131073	-0.0622978	0.8516309	0.5852424
2019-03-06-16-32-45-933	376	131074	-0.06077901	0.8063408	0.6086947
2019-03-06-16-32-45-937	377	131075	-0.08486267	0.8075997	0.593689
2019-03-06-16-32-45-940	378	131076	-0.02033664	0.82796	0.5698059
2019-03-06-16-32-45-943	379	65537	-0.3606863	0.7364358	0.5470054
2019-03-06-16-32-45-947	380	65538	-0.3518031	0.7908115	0.5127397
2019-03-06-16-32-45-951	381	65539	-0.3992409	0.751171	0.355918
2019-03-06-16-32-45-954	382	65540	-0.3459643	0.7816956	0.3703485
2019-03-06-16-32-45-957	383	65541	-0.4170833	0.6969934	0.5206241
2019-03-06-16-32-45-960	384	65542	-0.376421	0.7636805	0.5143754
2019-03-06-16-32-45-964	385	65543	-0.3539594	0.6923327	0.3252097
2019-03-06-16-32-45-967	386	65544	-0.3845567	0.6775899	0.3649323
2019-03-06-16-32-45-970	387	51251	-0.1196275	0.7967673	0.5382385
2019-03-06-16-32-45-973	388	51257	-0.004243441	0.7923565	0.5304646
2019-03-06-16-32-45-984	389	131073	-0.06233383	0.8516411	0.5851494
2019-03-06-16-32-45-988	390	131074	-0.06078851	0.8063633	0.6086286
2019-03-06-16-32-45-991	391	131075	-0.08487739	0.8076012	0.5936508
2019-03-06-16-32-45-995	392	131076	-0.02037243	0.8279967	0.5697456
2019-03-06-16-32-45-998	393	65537	-0.360684	0.7364556	0.5470093
2019-03-06-16-32-46-002	394	65538	-0.3518054	0.7907839	0.5127587
2019-03-06-16-32-46-005	395	65539	-0.399242	0.7512149	0.3559192
2019-03-06-16-32-46-008	396	65540	-0.3459751	0.7817124	0.3703642
2019-03-06-16-32-46-011	397	65541	-0.4170816	0.6970072	0.5206234
2019-03-06-16-32-46-015	398	65542	-0.376398	0.7635765	0.5143466
2019-03-06-16-32-46-018	399	65543	-0.3539553	0.6923512	0.3252156
2019-03-06-16-32-46-022	400	65544	-0.3845519	0.6776066	0.364943
2019-03-06-16-32-46-026	401	51251	-0.1196451	0.7967535	0.5381981
2019-03-06-16-32-46-029	402	51257	-0.004255739	0.7923554	0.5304334
2019-03-06-16-32-46-040	403	131073	-0.0623236	0.8515995	0.5851519
2019-03-06-16-32-46-044	404	131074	-0.06079875	0.8063135	0.608651
2019-03-06-16-32-46-048	405	131075	-0.08486966	0.8075589	0.5936498
2019-03-06-16-32-46-052	406	131076	-0.02035284	0.8279312	0.5697611
2019-03-06-16-32-46-055	407	65537	-0.360677	0.736366	0.5469886
2019-03-06-16-32-46-058	408	65538	-0.3518122	0.7907848	0.5127552
2019-03-06-16-32-46-061	409	65539	-0.3992476	0.7511749	0.3559071
2019-03-06-16-32-46-064	410	65540	-0.3459654	0.7816747	0.3703422
2019-03-06-16-32-46-067	411	65541	-0.4171325	0.6968923	0.5206339
2019-03-06-16-32-46-070	412	65542	-0.376407	0.7635908	0.514349
2019-03-06-16-32-46-073	413	65543	-0.3539585	0.6923109	0.3252074
2019-03-06-16-32-46-076	414	65544	-0.3845611	0.6776223	0.3649528
2019-03-06-16-32-46-080	415	51251	-0.119639	0.7967223	0.5381978
2019-03-06-16-32-46-083	416	51257	-0.004252289	0.7923341	0.5304352
2019-03-06-16-32-46-092	417	131073	-0.06232096	0.8516656	0.5852339
2019-03-06-16-32-46-095	418	131074	-0.06079609	0.806356	0.6086851
2019-03-06-16-32-46-099	419	131075	-0.0848789	0.8076221	0.5936804
2019-03-06-16-32-46-102	420	131076	-0.02035703	0.8279794	0.5697983
2019-03-06-16-32-46-105	421	65537	-0.3606987	0.7364575	0.5470083
2019-03-06-16-32-46-107	422	65538	-0.3518236	0.7908278	0.5127661
2019-03-06-16-32-46-111	423	65539	-0.3992684	0.7512452	0.3559601
2019-03-06-16-32-46-114	424	65540	-0.3459768	0.7817276	0.370362
2019-03-06-16-32-46-117	425	65541	-0.4170952	0.6970206	0.5206264
2019-03-06-16-32-46-120	426	65542	-0.3764197	0.7636318	0.5143583
2019-03-06-16-32-46-129	427	65543	-0.3539656	0.692346	0.325211
2019-03-06-16-32-46-132	428	65544	-0.384558	0.6775866	0.364929
2019-03-06-16-32-46-135	429	51251	-0.1196535	0.7968224	0.538231
2019-03-06-16-32-46-138	430	51257	-0.004260404	0.7923808	0.5304654
2019-03-06-16-32-46-149	431	131073	-0.06232651	0.8516395	0.5851679
2019-03-06-16-32-46-152	432	131074	-0.06080125	0.8063459	0.6086621
2019-03-06-16-32-46-155	433	131075	-0.08487308	0.8075985	0.5936638
2019-03-06-16-32-46-158	434	131076	-0.02036744	0.8280032	0.5697633
2019-03-06-16-32-46-162	435	65537	-0.3606916	0.7364441	0.5470018
2019-03-06-16-32-46-165	436	65538	-0.3518167	0.7907906	0.5127575
2019-03-06-16-32-46-168	437	65539	-0.3992507	0.7511989	0.3559103
2019-03-06-16-32-46-171	438	65540	-0.3459741	0.7817031	0.3703434
2019-03-06-16-32-46-174	439	65541	-0.4170876	0.6969967	0.5206182
2019-03-06-16-32-46-177	440	65542	-0.3764133	0.7636013	0.5143533
2019-03-06-16-32-46-180	441	65543	-0.3539616	0.6923279	0.3251999
2019-03-06-16-32-46-183	442	65544	-0.3845646	0.6776466	0.3649583
2019-03-06-16-32-46-186	443	51251	-0.1196414	0.7967579	0.5382094
2019-03-06-16-32-46-189	444	51257	-0.004259939	0.7923608	0.5304432
2019-03-06-16-32-46-199	445	131073	-0.06235112	0.851649	0.5851483
2019-03-06-16-32-46-203	446	131074	-0.06080055	0.8063443	0.6086242
2019-03-06-16-32-46-206	447	131075	-0.08489001	0.8076016	0.5936531
2019-03-06-16-32-46-210	448	131076	-0.02037798	0.8280051	0.5697516
2019-03-06-16-32-46-213	449	65537	-0.3606842	0.7364435	0.5469855
2019-03-06-16-32-46-216	450	65538	-0.3518158	0.7907848	0.5127575
2019-03-06-16-32-46-219	451	65539	-0.3992509	0.751197	0.355918
2019-03-06-16-32-46-222	452	65540	-0.3459807	0.781711	0.3703783
2019-03-06-16-32-46-225	453	65541	-0.4170906	0.6969923	0.5206248
2019-03-06-16-32-46-228	454	65542	-0.3764145	0.7636023	0.5143566
2019-03-06-16-32-46-231	455	65543	-0.353962	0.6923342	0.3252113
2019-03-06-16-32-46-234	456	65544	-0.3845583	0.6776099	0.3649487
2019-03-06-16-32-46-238	457	51251	-0.1196601	0.7967661	0.5381897
2019-03-06-16-32-46-241	458	51257	-0.004282841	0.7924089	0.5304239
2019-03-06-16-32-46-250	459	131073	-0.06233043	0.8516602	0.5852208
2019-03-06-16-32-46-254	460	131074	-0.06080673	0.8063662	0.6086788
2019-03-06-16-32-46-257	461	131075	-0.08488678	0.8076206	0.5936779
2019-03-06-16-32-46-259	462	131076	-0.02037438	0.828017	0.5697803
2019-03-06-16-32-46-263	463	65537	-0.3607052	0.7365189	0.5470198
2019-03-06-16-32-46-266	464	65538	-0.3518163	0.7907858	0.512759
2019-03-06-16-32-46-269	465	65539	-0.3992491	0.7511889	0.3559262
2019-03-06-16-32-46-272	466	65540	-0.3459885	0.7817115	0.3703692
2019-03-06-16-32-46-274	467	65541	-0.417092	0.6970118	0.5206293
2019-03-06-16-32-46-277	468	65542	-0.3764207	0.7636023	0.5143566
2019-03-06-16-32-46-281	469	65543	-0.353967	0.6923358	0.3252123
2019-03-06-16-32-46-284	470	65544	-0.3845654	0.6776185	0.3649507
2019-03-06-16-32-46-287	471	51251	-0.1196524	0.7967777	0.5382282
2019-03-06-16-32-46-290	472	51257	-0.004266647	0.7923712	0.5304608
2019-03-06-16-32-46-300	473	131073	-0.06232628	0.8516502	0.5852246
2019-03-06-16-32-46-304	474	131074	-0.06080992	0.8063528	0.6086801
2019-03-06-16-32-46-307	475	131075	-0.08488178	0.8075991	0.5936748
2019-03-06-16-32-46-309	476	131076	-0.02037521	0.8280126	0.5697792
2019-03-06-16-32-46-313	477	65537	-0.3607125	0.7365026	0.5470082
2019-03-06-16-32-46-316	478	65538	-0.351827	0.7908173	0.5127621
2019-03-06-16-32-46-319	479	65539	-0.3992566	0.7511663	0.355909
2019-03-06-16-32-46-322	480	65540	-0.345988	0.7817009	0.3703573
2019-03-06-16-32-46-325	481	65541	-0.4171009	0.6969981	0.5206187
2019-03-06-16-32-46-328	482	65542	-0.3764249	0.7636023	0.5143507
2019-03-06-16-32-46-332	483	65543	-0.3539712	0.6923215	0.3252035
2019-03-06-16-32-46-335	484	65544	-0.3845799	0.6776786	0.364964
2019-03-06-16-32-46-338	485	51251	-0.1196554	0.7967746	0.5382226
2019-03-06-16-32-46-340	486	51257	-0.004270342	0.792377	0.5304619
2019-03-06-16-32-46-352	487	131073	-0.06235023	0.8516478	0.5851564
2019-03-06-16-32-46-355	488	131074	-0.06079779	0.8063481	0.6086251
2019-03-06-16-32-46-358	489	131075	-0.08488635	0.8075894	0.5936518
2019-03-06-16-32-46-361	490	131076	-0.02037673	0.8280026	0.5697508
2019-03-06-16-32-46-365	491	65537	-0.3607054	0.7364979	0.547008
2019-03-06-16-32-46-368	492	65538	-0.3518187	0.7907906	0.5127535
2019-03-06-16-32-46-371	493	65539	-0.3992498	0.7511669	0.3559116
2019-03-06-16-32-46-373	494	65540	-0.3459764	0.7816943	0.3703443
2019-03-06-16-32-46-376	495	65541	-0.4171363	0.696914	0.5206347
2019-03-06-16-32-46-380	496	65542	-0.376425	0.7636328	0.514359
2019-03-06-16-32-46-383	497	65543	-0.3539639	0.6923187	0.3252019
2019-03-06-16-32-46-386	498	65544	-0.3845533	0.6775594	0.3649197
2019-03-06-16-32-46-389	499	51251	-0.1196565	0.7967713	0.5381901
2019-03-06-16-32-46-392	500	51257	-0.004264803	0.7923574	0.5304349
2019-03-06-16-32-46-402	501	131073	-0.0623524	0.8516614	0.5851669
2019-03-06-16-32-46-406	502	131074	-0.06080366	0.8063669	0.6086344
2019-03-06-16-32-46-409	503	131075	-0.0848967	0.8076139	0.5936639
2019-03-06-16-32-46-412	504	131076	-0.02038444	0.8280209	0.5697637
2019-03-06-16-32-46-416	505	65537	-0.3607107	0.7365152	0.5470117
2019-03-06-16-32-46-419	506	65538	-0.3518281	0.7908268	0.5127685
2019-03-06-16-32-46-422	507	65539	-0.3992545	0.751177	0.3559139
2019-03-06-16-32-46-425	508	65540	-0.3459898	0.7817093	0.3703643
2019-03-06-16-32-46-429	509	65541	-0.4171424	0.6969337	0.520638
2019-03-06-16-32-46-432	510	65542	-0.3764211	0.7635803	0.5143495
2019-03-06-16-32-46-436	511	65543	-0.3539699	0.6923327	0.3252073
2019-03-06-16-32-46-439	512	65544	-0.3845698	0.6776052	0.3649435
2019-03-06-16-32-46-443	513	51251	-0.11967	0.7967877	0.5382029
2019-03-06-16-32-46-447	514	51257	-0.004289325	0.7924325	0.5304338
2019-03-06-16-32-46-459	515	131073	-0.06234139	0.8516799	0.5852355
2019-03-06-16-32-46-462	516	131074	-0.06081451	0.8063747	0.6086833
2019-03-06-16-32-46-465	517	131075	-0.08493254	0.8077508	0.5936865
2019-03-06-16-32-46-469	518	131076	-0.02037915	0.8280309	0.5697902
2019-03-06-16-32-46-472	519	65537	-0.3607178	0.7365267	0.547015
2019-03-06-16-32-46-475	520	65538	-0.35183	0.7908201	0.5127699
2019-03-06-16-32-46-479	521	65539	-0.3992744	0.7512466	0.3559548
2019-03-06-16-32-46-483	522	65540	-0.3459937	0.7817237	0.3703712
2019-03-06-16-32-46-486	523	65541	-0.4171006	0.6970141	0.5206241
2019-03-06-16-32-46-490	524	65542	-0.3764338	0.7636356	0.5143659
2019-03-06-16-32-46-494	525	65543	-0.3539731	0.692341	0.325207
2019-03-06-16-32-46-497	526	65544	-0.3845793	0.6776881	0.3649778
2019-03-06-16-32-46-501	527	51251	-0.1196647	0.7968377	0.5382265
2019-03-06-16-32-46-504	528	51257	-0.004290857	0.7924511	0.5304623
2019-03-06-16-32-46-516	529	131073	-0.06235049	0.8516474	0.5851641
2019-03-06-16-32-46-520	530	131074	-0.06081754	0.806352	0.6086569
2019-03-06-16-32-46-523	531	131075	-0.0848903	0.8075979	0.5936637
2019-03-06-16-32-46-527	532	131076	-0.02038406	0.8280105	0.5697619
2019-03-06-16-32-46-533	533	65537	-0.3607032	0.7364271	0.5470012
2019-03-06-16-32-46-536	534	65538	-0.3518318	0.7908077	0.5127587
2019-03-06-16-32-46-539	535	65539	-0.3992596	0.751152	0.3559072
2019-03-06-16-32-46-543	536	65540	-0.3459913	0.7816921	0.3703628
2019-03-06-16-32-46-547	537	65541	-0.4171491	0.696902	0.5206311
2019-03-06-16-32-46-550	538	65542	-0.3764241	0.7635593	0.5143399
2019-03-06-16-32-46-554	539	65543	-0.3539716	0.6923137	0.3251992
2019-03-06-16-32-46-557	540	65544	-0.3845823	0.6776586	0.3649554
2019-03-06-16-32-46-560	541	51251	-0.1196581	0.7967497	0.5382079
2019-03-06-16-32-46-564	542	51257	-0.004271922	0.7923566	0.5304444
2019-03-06-16-32-46-575	543	131073	-0.06235686	0.8516611	0.5851617
2019-03-06-16-32-46-579	544	131074	-0.06080749	0.806355	0.6086275
2019-03-06-16-32-46-582	545	131075	-0.08489472	0.807616	0.5936593
2019-03-06-16-32-46-585	546	131076	-0.02038629	0.828016	0.5697558
2019-03-06-16-32-46-588	547	65537	-0.3607131	0.7365167	0.5470097
2019-03-06-16-32-46-591	548	65538	-0.3518271	0.7908106	0.5127585
2019-03-06-16-32-46-593	549	65539	-0.3992548	0.751179	0.3559139
2019-03-06-16-32-46-597	550	65540	-0.3459826	0.78171	0.3703449
2019-03-06-16-32-46-600	551	65541	-0.4171477	0.6969306	0.5206351
2019-03-06-16-32-46-603	552	65542	-0.376433	0.763648	0.5143659
2019-03-06-16-32-46-606	553	65543	-0.3539696	0.6923369	0.3252035
2019-03-06-16-32-46-608	554	65544	-0.3845755	0.6776667	0.3649614
2019-03-06-16-32-46-612	555	51251	-0.1196667	0.7967965	0.5381975
2019-03-06-16-32-46-615	556	51257	-0.004296119	0.7924229	0.530434
2019-03-06-16-32-46-625	557	131073	-0.06233844	0.8516626	0.5851918
2019-03-06-16-32-46-628	558	131074	-0.06080777	0.8063621	0.6086765
2019-03-06-16-32-46-632	559	131075	-0.08488374	0.8076174	0.5936766
2019-03-06-16-32-46-635	560	131076	-0.02037697	0.828025	0.5697818
2019-03-06-16-32-46-638	561	65537	-0.3607033	0.7364348	0.5470017
2019-03-06-16-32-46-641	562	65538	-0.3518258	0.7908096	0.5127659
2019-03-06-16-32-46-643	563	65539	-0.3992552	0.751196	0.3559085
2019-03-06-16-32-46-647	564	65540	-0.3459796	0.7817076	0.3703469
2019-03-06-16-32-46-649	565	65541	-0.4170961	0.6970016	0.5206193
2019-03-06-16-32-46-652	566	65542	-0.3764249	0.7636118	0.5143564
2019-03-06-16-32-46-655	567	65543	-0.3539675	0.692322	0.325201
2019-03-06-16-32-46-658	568	65544	-0.3845624	0.6775742	0.364928
2019-03-06-16-32-46-661	569	51251	-0.1196514	0.796782	0.5382273
2019-03-06-16-32-46-664	570	51257	-0.004270981	0.7923828	0.5304648
2019-03-06-16-32-46-673	571	131073	-0.06235079	0.8516592	0.5851842
2019-03-06-16-32-46-677	572	131074	-0.06081456	0.8063446	0.6086706
2019-03-06-16-32-46-680	573	131075	-0.08489035	0.807602	0.5936705
2019-03-06-16-32-46-683	574	131076	-0.02037946	0.8280168	0.5697768
2019-03-06-16-32-46-686	575	65537	-0.3607165	0.7364973	0.5470127
2019-03-06-16-32-46-689	576	65538	-0.3518354	0.7908278	0.5127707
2019-03-06-16-32-46-692	577	65539	-0.3992608	0.7511876	0.3559064
2019-03-06-16-32-46-695	578	65540	-0.345986	0.7816916	0.3703476
2019-03-06-16-32-46-699	579	65541	-0.4171459	0.6969114	0.5206362
2019-03-06-16-32-46-702	580	65542	-0.3764216	0.7635632	0.5143495
2019-03-06-16-32-46-705	581	65543	-0.3539702	0.6923174	0.3252051
2019-03-06-16-32-46-707	582	65544	-0.3845836	0.6776977	0.3649783
2019-03-06-16-32-46-709	583	51251	-0.1196635	0.7967957	0.5382136
2019-03-06-16-32-46-713	584	51257	-0.004274045	0.7923726	0.5304579
2019-03-06-16-32-46-724	585	131073	-0.06235741	0.8516492	0.5851521
2019-03-06-16-32-46-727	586	131074	-0.06081007	0.8063511	0.6086259
2019-03-06-16-32-46-731	587	131075	-0.08489713	0.8076061	0.5936535
2019-03-06-16-32-46-734	588	131076	-0.02038886	0.8280101	0.5697502
2019-03-06-16-32-46-737	589	65537	-0.3607176	0.7364965	0.5470054
2019-03-06-16-32-46-740	590	65538	-0.3518351	0.7908211	0.5127633
2019-03-06-16-32-46-743	591	65539	-0.3992636	0.7511948	0.3559063
2019-03-06-16-32-46-746	592	65540	-0.345995	0.7816992	0.3703628
2019-03-06-16-32-46-749	593	65541	-0.4171473	0.6969181	0.5206327
2019-03-06-16-32-46-753	594	65542	-0.3764325	0.7636223	0.5143559
2019-03-06-16-32-46-755	595	65543	-0.3539754	0.6923265	0.3252038
2019-03-06-16-32-46-758	596	65544	-0.3845902	0.677711	0.3649735
2019-03-06-16-32-46-761	597	51251	-0.119674	0.7967867	0.5381943
2019-03-06-16-32-46-764	598	51257	-0.004299009	0.792421	0.5304264
2019-03-06-16-32-46-773	599	131073	-0.06234669	0.8516652	0.58517
2019-03-06-16-32-46-776	600	131074	-0.06080133	0.8063573	0.6086344
2019-03-06-16-32-46-779	601	131075	-0.08488905	0.8076161	0.5936638
2019-03-06-16-32-46-783	602	131076	-0.02038084	0.8280184	0.5697642
2019-03-06-16-32-46-786	603	65537	-0.3607092	0.7365163	0.5470105
2019-03-06-16-32-46-788	604	65538	-0.3518318	0.790843	0.5127707
2019-03-06-16-32-46-791	605	65539	-0.399257	0.7512002	0.3559044
2019-03-06-16-32-46-794	606	65540	-0.3459894	0.7817145	0.3703663
2019-03-06-16-32-46-797	607	65541	-0.4170921	0.6970106	0.5206171
2019-03-06-16-32-46-801	608	65542	-0.3764205	0.763587	0.5143485
2019-03-06-16-32-46-804	609	65543	-0.3539662	0.6923351	0.3252014
2019-03-06-16-32-46-806	610	65544	-0.3845778	0.6776786	0.3649642
2019-03-06-16-32-46-809	611	51251	-0.1196584	0.7967991	0.5382012
2019-03-06-16-32-46-812	612	51257	-0.004266442	0.7923787	0.5304464
2019-03-06-16-32-46-823	613	131073	-0.06232714	0.8516607	0.5852289
2019-03-06-16-32-46-826	614	131074	-0.06080434	0.8063582	0.6086792
2019-03-06-16-32-46-829	615	131075	-0.08488503	0.8076181	0.5936809
2019-03-06-16-32-46-832	616	131076	-0.02037371	0.8280194	0.5697804
2019-03-06-16-32-46-835	617	65537	-0.360697	0.7364371	0.547002
2019-03-06-16-32-46-838	618	65538	-0.3518164	0.7907734	0.512754
2019-03-06-16-32-46-841	619	65539	-0.3992561	0.7511998	0.3559129
2019-03-06-16-32-46-844	620	65540	-0.345982	0.7817017	0.3703654
2019-03-06-16-32-46-847	621	65541	-0.4171428	0.6969122	0.5206353
2019-03-06-16-32-46-850	622	65542	-0.3764211	0.7636175	0.514358
2019-03-06-16-32-46-854	623	65543	-0.3539667	0.6923277	0.3252085
2019-03-06-16-32-46-856	624	65544	-0.3845734	0.6776657	0.3649657
2019-03-06-16-32-46-859	625	51251	-0.1196536	0.7968054	0.5382188
2019-03-06-16-32-46-862	626	51257	-0.004263762	0.7923734	0.5304604
2019-03-06-16-32-46-872	627	131073	-0.06235266	0.8516527	0.5851673
2019-03-06-16-32-46-876	628	131074	-0.06081884	0.8063583	0.6086642
2019-03-06-16-32-46-879	629	131075	-0.08489617	0.8076094	0.5936668
2019-03-06-16-32-46-882	630	131076	-0.02038526	0.8280101	0.5697643
2019-03-06-16-32-46-885	631	65537	-0.3607069	0.7364376	0.5470027
2019-03-06-16-32-46-888	632	65538	-0.35183	0.7908096	0.5127645
2019-03-06-16-32-46-891	633	65539	-0.3992602	0.7511974	0.3559121
2019-03-06-16-32-46-894	634	65540	-0.3459816	0.78171	0.3703512
2019-03-06-16-32-46-897	635	65541	-0.417097	0.6969933	0.5206188
2019-03-06-16-32-46-900	636	65542	-0.3764294	0.7636013	0.5143569
2019-03-06-16-32-46-903	637	65543	-0.3539703	0.6923296	0.3252078
2019-03-06-16-32-46-906	638	65544	-0.3845648	0.6775713	0.3649292
2019-03-06-16-32-46-909	639	51251	-0.1196722	0.7967885	0.5382043
2019-03-06-16-32-46-912	640	51257	-0.004294196	0.7924212	0.5304406
2019-03-06-16-32-46-921	641	131073	-0.06235273	0.8516514	0.5851558
2019-03-06-16-32-46-925	642	131074	-0.060807	0.8063567	0.6086305
2019-03-06-16-32-46-928	643	131075	-0.0848921	0.807603	0.593654
2019-03-06-16-32-46-931	644	131076	-0.02038744	0.8280017	0.5697507
2019-03-06-16-32-46-934	645	65537	-0.3607139	0.7365102	0.5470127
2019-03-06-16-32-46-937	646	65538	-0.3518287	0.790823	0.5127654
2019-03-06-16-32-46-940	647	65539	-0.3992563	0.751206	0.3559094
2019-03-06-16-32-46-943	648	65540	-0.3459824	0.7817135	0.3703482
2019-03-06-16-32-46-946	649	65541	-0.4170965	0.6970064	0.5206216
2019-03-06-16-32-46-949	650	65542	-0.3764158	0.7635508	0.5143392
2019-03-06-16-32-46-953	651	65543	-0.3539704	0.6923357	0.3252026
2019-03-06-16-32-46-955	652	65544	-0.3845707	0.6776323	0.3649457
2019-03-06-16-32-46-958	653	51251	-0.1196654	0.7967989	0.5381967
2019-03-06-16-32-46-961	654	51257	-0.004289618	0.7924239	0.53043
2019-03-06-16-32-46-973	655	131073	-0.06233716	0.8516575	0.5851797
2019-03-06-16-32-46-976	656	131074	-0.06080561	0.8063681	0.6086714
2019-03-06-16-32-46-980	657	131075	-0.08488002	0.8076065	0.5936675
2019-03-06-16-32-46-983	658	131076	-0.02037316	0.8280162	0.5697737
2019-03-06-16-32-46-986	659	65537	-0.3607092	0.7365094	0.5470105
2019-03-06-16-32-46-989	660	65538	-0.3518296	0.7908344	0.5127673
2019-03-06-16-32-46-992	661	65539	-0.3992556	0.7511982	0.3559069
2019-03-06-16-32-46-995	662	65540	-0.345977	0.7817144	0.37035
2019-03-06-16-32-46-998	663	65541	-0.4170926	0.696998	0.5206181
2019-03-06-16-32-47-001	664	65542	-0.3764197	0.7635794	0.5143456
2019-03-06-16-32-47-004	665	65543	-0.3539701	0.6923319	0.3252043
2019-03-06-16-32-47-007	666	65544	-0.3845644	0.6776142	0.3649447
2019-03-06-16-32-47-010	667	51251	-0.1196511	0.7967796	0.5382182
2019-03-06-16-32-47-013	668	51257	-0.004261099	0.7923869	0.5304547
2019-03-06-16-32-47-023	669	131073	-0.06234429	0.851656	0.5851833
2019-03-06-16-32-47-027	670	131074	-0.06081041	0.8063584	0.6086742
2019-03-06-16-32-47-030	671	131075	-0.08488898	0.8076119	0.5936744
2019-03-06-16-32-47-033	672	131076	-0.02037937	0.8280109	0.5697752
2019-03-06-16-32-47-036	673	65537	-0.3607048	0.7364273	0.5470029
2019-03-06-16-32-47-039	674	65538	-0.3518279	0.7907915	0.5127556
2019-03-06-16-32-47-042	675	65539	-0.3992554	0.7511677	0.3559104
2019-03-06-16-32-47-045	676	65540	-0.3459917	0.7817031	0.3703631
2019-03-06-16-32-47-048	677	65541	-0.4171477	0.6969124	0.5206336
2019-03-06-16-32-47-052	678	65542	-0.3764346	0.7636261	0.5143633
2019-03-06-16-32-47-055	679	65543	-0.3539727	0.6923296	0.325206
2019-03-06-16-32-47-058	680	65544	-0.3845668	0.6775451	0.3649182
2019-03-06-16-32-47-061	681	51251	-0.1196615	0.7968073	0.538218
2019-03-06-16-32-47-065	682	51257	-0.004288919	0.7924316	0.5304452
2019-03-06-16-32-47-078	683	131073	-0.06235369	0.8516607	0.5851599
2019-03-06-16-32-47-081	684	131074	-0.06080866	0.8063577	0.608626
2019-03-06-16-32-47-085	685	131075	-0.08489317	0.8076065	0.5936549
2019-03-06-16-32-47-088	686	131076	-0.02038492	0.828012	0.5697556
2019-03-06-16-32-47-091	687	65537	-0.3607014	0.7364424	0.5470034
2019-03-06-16-32-47-094	688	65538	-0.3518256	0.790803	0.512764
2019-03-06-16-32-47-097	689	65539	-0.3992577	0.7512025	0.3559141
2019-03-06-16-32-47-101	690	65540	-0.3459933	0.7817071	0.3703649
2019-03-06-16-32-47-104	691	65541	-0.4171435	0.6969269	0.5206379
2019-03-06-16-32-47-107	692	65542	-0.3764204	0.7635784	0.5143504
2019-03-06-16-32-47-110	693	65543	-0.3539701	0.6923345	0.3252071
2019-03-06-16-32-47-113	694	65544	-0.3845713	0.6776404	0.3649526
2019-03-06-16-32-47-117	695	51251	-0.1196678	0.7967947	0.5381992
2019-03-06-16-32-47-120	696	51257	-0.00427356	0.7923717	0.5304427
