2019-03-06-16-39-31-205	11360	0	0	447.0	468.0

2019-03-06-16-39-31-412	11361	0	1	436.0	470.0

2019-03-06-16-39-32-099	11362	0	0	553.0	494.0

2019-03-06-16-39-32-205	11363	0	1	553.0	494.0

2019-03-06-16-39-32-499	11364	0	0	377.0	530.0

2019-03-06-16-39-32-603	11365	0	1	377.0	530.0

2019-03-06-16-39-33-007	11366	0	0	433.0	468.0

2019-03-06-16-39-33-211	11367	0	1	424.0	473.0

2019-03-06-16-39-33-424	11368	0	0	369.0	443.0

2019-03-06-16-39-33-530	11369	0	1	369.0	443.0

2019-03-06-16-39-33-737	11370	0	0	382.0	437.0

2019-03-06-16-39-33-844	11371	0	1	382.0	437.0

2019-03-06-16-39-34-138	11372	0	0	553.0	442.0

2019-03-06-16-39-34-241	11373	0	1	553.0	442.0

2019-03-06-16-39-34-636	11374	0	0	548.0	425.0

2019-03-06-16-39-34-745	11375	0	1	548.0	425.0

2019-03-06-16-39-35-605	11376	0	0	1458.0	432.0

2019-03-06-16-39-35-709	11377	0	1	1458.0	432.0

2019-03-06-16-39-36-110	11378	0	0	1581.0	414.0

2019-03-06-16-39-36-216	11379	0	1	1581.0	414.0

2019-03-06-16-39-36-510	11380	0	0	1421.0	444.0

2019-03-06-16-39-36-703	11381	0	1	1421.0	444.0

2019-03-06-16-39-37-089	11382	0	0	1392.0	453.0

2019-03-06-16-39-37-198	11383	0	1	1392.0	453.0

2019-03-06-16-39-37-597	11384	0	0	594.0	516.0

2019-03-06-16-39-37-699	11385	0	1	594.0	516.0

2019-03-06-16-39-38-094	11386	0	0	497.0	468.0

2019-03-06-16-39-38-199	11387	0	1	497.0	468.0

2019-03-06-16-39-38-502	11388	0	0	486.0	467.0

2019-03-06-16-39-38-608	11389	0	1	486.0	467.0

2019-03-06-16-39-38-818	11390	0	0	691.0	490.0

2019-03-06-16-39-38-932	11391	0	1	691.0	490.0

2019-03-06-16-39-39-040	11392	0	0	716.0	477.0

2019-03-06-16-39-39-146	11393	0	1	716.0	477.0

2019-03-06-16-39-39-250	11394	0	0	710.0	458.0

2019-03-06-16-39-39-258	11395	0	1	710.0	458.0

2019-03-06-16-39-39-365	11396	0	0	719.0	417.0

2019-03-06-16-39-39-471	11397	0	1	719.0	417.0

2019-03-06-16-39-39-673	11398	0	0	730.0	380.0

2019-03-06-16-39-39-781	11399	0	1	730.0	380.0

2019-03-06-16-39-39-789	11400	0	0	715.0	374.0

2019-03-06-16-39-39-894	11401	0	1	715.0	374.0

2019-03-06-16-39-39-999	11402	0	0	492.0	232.0

2019-03-06-16-39-40-211	11403	0	1	492.0	232.0

2019-03-06-16-39-40-616	11404	0	0	386.0	258.0

2019-03-06-16-39-40-720	11405	0	1	386.0	258.0

2019-03-06-16-39-40-919	11406	0	0	179.0	296.0

2019-03-06-16-39-41-026	11407	0	1	179.0	296.0

2019-03-06-16-39-41-331	11408	0	0	116.0	245.0

2019-03-06-16-39-41-437	11409	0	1	116.0	245.0

2019-03-06-16-39-41-653	11410	0	0	275.0	206.0

2019-03-06-16-39-41-950	11411	0	1	283.0	210.0

2019-03-06-16-39-42-060	11412	0	0	316.0	178.0

2019-03-06-16-39-42-068	11413	0	1	316.0	178.0

2019-03-06-16-39-42-267	11414	0	0	139.0	241.0

2019-03-06-16-39-42-373	11415	0	1	131.0	245.0

2019-03-06-16-39-42-561	11416	0	0	30.0	242.0

2019-03-06-16-39-42-631	11417	0	1	30.0	242.0

2019-03-06-16-39-42-771	11418	0	0	87.0	221.0

2019-03-06-16-39-42-844	11419	0	1	87.0	221.0

2019-03-06-16-39-42-982	11420	0	0	79.0	174.0

2019-03-06-16-39-43-116	11421	0	1	79.0	174.0

2019-03-06-16-39-43-250	11422	0	0	48.0	163.0

2019-03-06-16-39-43-384	11423	0	1	48.0	163.0

2019-03-06-16-39-43-899	11424	0	0	1812.0	142.0

2019-03-06-16-39-44-098	11425	0	1	1812.0	142.0

2019-03-06-16-39-44-434	11426	0	0	1711.0	162.0

2019-03-06-16-39-44-566	11427	0	1	1711.0	162.0

2019-03-06-16-39-44-884	11428	0	0	1554.0	222.0

2019-03-06-16-39-45-080	11429	0	1	1554.0	222.0

2019-03-06-16-39-45-452	11430	0	0	1464.0	263.0

2019-03-06-16-39-45-589	11431	0	1	1464.0	263.0

2019-03-06-16-39-46-239	11432	0	0	1500.0	256.0

2019-03-06-16-39-46-439	11433	0	1	1496.0	256.0

2019-03-06-16-39-46-959	11434	0	0	1535.0	243.0

2019-03-06-16-39-47-089	11435	0	1	1535.0	243.0

2019-03-06-16-39-47-582	11436	0	0	1460.0	320.0

2019-03-06-16-39-47-590	11437	0	5	356.0	322.0

2019-03-06-16-39-47-673	11438	0	6	1457.0	325.0

2019-03-06-16-39-47-681	11439	0	1	356.0	325.0

2019-03-06-16-39-48-060	11440	0	0	1497.0	467.0

2019-03-06-16-39-48-191	11441	0	1	1497.0	467.0

2019-03-06-16-39-48-653	11442	0	0	1507.0	276.0

2019-03-06-16-39-48-782	11443	0	1	1495.0	272.0

2019-03-06-16-39-48-973	11444	0	0	1475.0	188.0

2019-03-06-16-39-49-227	11445	0	1	1473.0	187.0

2019-03-06-16-39-49-685	11446	0	0	1325.0	216.0

2019-03-06-16-39-49-948	11447	0	1	1324.0	221.0

2019-03-06-16-39-50-586	11448	0	0	458.0	334.0

2019-03-06-16-39-50-802	11449	0	1	458.0	336.0

2019-03-06-16-39-51-117	11450	0	0	484.0	294.0

2019-03-06-16-39-51-437	11451	0	1	484.0	294.0

2019-03-06-16-39-51-636	11452	0	0	509.0	238.0

2019-03-06-16-39-51-894	11453	0	1	504.0	239.0

2019-03-06-16-39-52-094	11454	0	0	418.0	208.0

2019-03-06-16-39-52-344	11455	0	1	418.0	208.0

2019-03-06-16-39-52-539	11456	0	0	430.0	174.0

2019-03-06-16-39-52-735	11457	0	1	430.0	174.0

2019-03-06-16-39-52-937	11458	0	0	418.0	212.0

2019-03-06-16-39-53-139	11459	0	1	418.0	212.0

2019-03-06-16-39-53-578	11460	0	0	624.0	187.0

2019-03-06-16-39-54-532	11461	0	1	624.0	187.0

2019-03-06-16-39-54-859	11462	0	0	1410.0	165.0

2019-03-06-16-39-55-121	11463	0	1	1410.0	165.0

2019-03-06-16-39-55-257	11464	0	0	1320.0	199.0

2019-03-06-16-39-56-149	11465	0	1	1320.0	200.0

2019-03-06-16-39-56-477	11466	0	0	1424.0	469.0

2019-03-06-16-39-56-936	11467	0	1	1424.0	482.0

2019-03-06-16-39-57-438	11468	0	0	549.0	515.0

2019-03-06-16-39-57-579	11469	0	1	549.0	517.0

2019-03-06-16-39-57-982	11470	0	0	560.0	465.0

2019-03-06-16-39-58-242	11471	0	1	560.0	465.0

2019-03-06-16-39-58-846	11472	0	0	400.0	520.0

2019-03-06-16-39-58-978	11473	0	1	390.0	524.0

2019-03-06-16-39-59-362	11474	0	0	291.0	494.0

2019-03-06-16-39-59-496	11475	0	1	291.0	494.0

2019-03-06-16-39-59-898	11476	0	0	241.0	490.0

2019-03-06-16-40-00-101	11477	0	1	225.0	514.0

2019-03-06-16-40-00-479	11478	0	0	248.0	532.0

2019-03-06-16-40-00-614	11479	0	1	248.0	532.0

2019-03-06-16-40-00-950	11480	0	0	196.0	489.0

2019-03-06-16-40-01-086	11481	0	1	196.0	489.0

2019-03-06-16-40-01-523	11482	0	0	392.0	602.0

2019-03-06-16-40-01-790	11483	0	1	389.0	614.0

2019-03-06-16-40-02-059	11484	0	0	410.0	622.0

2019-03-06-16-40-02-373	11485	0	1	402.96057	631.0

2019-03-06-16-40-02-694	11486	0	0	393.0	468.0

2019-03-06-16-40-03-196	11487	0	1	386.0	481.0

2019-03-06-16-40-03-391	11488	0	0	558.0	430.0

2019-03-06-16-40-04-225	11489	0	1	558.0	432.0

2019-03-06-16-40-04-664	11490	0	0	485.0	443.0

2019-03-06-16-40-04-739	11491	0	1	485.0	443.0

2019-03-06-16-40-04-868	11492	0	0	378.0	472.0

2019-03-06-16-40-04-944	11493	0	1	378.0	472.0

2019-03-06-16-40-05-410	11494	0	0	289.0	454.0

2019-03-06-16-40-05-544	11495	0	1	289.0	454.0

2019-03-06-16-40-05-748	11496	0	0	230.0	458.0

2019-03-06-16-40-05-887	11497	0	1	230.0	458.0

2019-03-06-16-40-06-223	11498	0	0	401.0	441.0

2019-03-06-16-40-06-294	11499	0	1	401.0	441.0

2019-03-06-16-40-06-694	11500	0	0	1498.0	435.0

2019-03-06-16-40-06-842	11501	0	1	1498.0	435.0

2019-03-06-16-40-07-052	11502	0	0	1399.0	451.0

2019-03-06-16-40-07-188	11503	0	1	1399.0	451.0

2019-03-06-16-40-07-692	11504	0	0	1315.0	466.0

2019-03-06-16-40-07-777	11505	0	1	1315.0	466.0

2019-03-06-16-40-08-227	11506	0	0	1249.0	484.0

2019-03-06-16-40-08-306	11507	0	1	1249.0	484.0

2019-03-06-16-40-08-770	11508	0	0	1241.0	381.0

2019-03-06-16-40-08-905	11509	0	1	1241.0	381.0

2019-03-06-16-40-09-423	11510	0	0	1278.0	388.0

2019-03-06-16-40-09-560	11511	0	1	1278.0	388.0

2019-03-06-16-40-09-963	11512	0	0	1269.0	419.0

2019-03-06-16-40-10-100	11513	0	1	1254.0	402.0

2019-03-06-16-40-10-421	11514	0	0	1234.0	382.0

2019-03-06-16-40-10-612	11515	0	1	1234.0	382.0

2019-03-06-16-40-10-890	11516	0	0	1253.0	393.0

2019-03-06-16-40-11-026	11517	0	1	1253.0	393.0

2019-03-06-16-40-11-415	11518	0	0	1256.0	414.0

2019-03-06-16-40-11-561	11519	0	1	1256.0	414.0

2019-03-06-16-40-12-156	11520	0	0	449.0	481.0

2019-03-06-16-40-12-291	11521	0	1	452.0	470.0

2019-03-06-16-40-12-613	11522	0	0	384.0	426.0

2019-03-06-16-40-12-747	11523	0	1	384.0	426.0

2019-03-06-16-40-13-136	11524	0	0	505.0	401.0

2019-03-06-16-40-13-328	11525	0	1	505.0	407.0

2019-03-06-16-40-13-646	11526	0	0	527.0	439.0

2019-03-06-16-40-13-847	11527	0	1	527.0	439.0

2019-03-06-16-40-14-110	11528	0	0	503.0	416.0

2019-03-06-16-40-14-251	11529	0	1	503.0	416.0

2019-03-06-16-40-14-508	11530	0	0	513.0	422.0

2019-03-06-16-40-14-580	11531	0	1	513.0	422.0

2019-03-06-16-40-15-480	11532	0	0	1199.0	487.0

2019-03-06-16-40-15-551	11533	0	1	1199.0	487.0

2019-03-06-16-40-16-067	11534	0	0	1239.0	391.0

2019-03-06-16-40-16-140	11535	0	1	1239.0	391.0

2019-03-06-16-40-16-912	11536	0	0	1470.0	167.0

2019-03-06-16-40-16-997	11537	0	1	1470.0	167.0

2019-03-06-16-40-17-827	11538	0	0	244.0	547.0

2019-03-06-16-40-17-969	11539	0	1	244.0	547.0

2019-03-06-16-40-18-359	11540	0	0	138.0	507.0

2019-03-06-16-40-18-433	11541	0	1	138.0	507.0

2019-03-06-16-40-18-875	11542	0	0	100.0	500.0

2019-03-06-16-40-19-074	11543	0	1	99.0	500.0

2019-03-06-16-40-19-335	11544	0	0	115.0	431.0

2019-03-06-16-40-19-598	11545	0	1	115.0	431.0

2019-03-06-16-40-19-866	11546	0	0	96.0	442.0

2019-03-06-16-40-20-066	11547	0	1	96.0	442.0

2019-03-06-16-40-20-450	11548	0	0	104.0	428.0

2019-03-06-16-40-20-887	11549	0	1	104.0	428.0

2019-03-06-16-40-21-345	11550	0	0	1557.0	718.0

2019-03-06-16-40-21-480	11551	0	1	1557.0	718.0

2019-03-06-16-40-21-924	11552	0	0	1460.0	680.0

2019-03-06-16-40-22-066	11553	0	1	1460.0	680.0

2019-03-06-16-40-22-583	11554	0	0	1386.0	656.0

2019-03-06-16-40-22-719	11555	0	1	1386.0	656.0

2019-03-06-16-40-23-292	11556	0	0	1603.0	665.0

2019-03-06-16-40-23-368	11557	0	1	1603.0	665.0

2019-03-06-16-40-24-125	11558	0	0	1209.0	932.0

2019-03-06-16-40-24-262	11559	0	1	1209.0	932.0

2019-03-06-16-40-25-775	11560	0	0	806.0	243.0

2019-03-06-16-40-26-039	11561	0	1	815.0	234.0

2019-03-06-16-40-26-569	11562	0	0	773.0	232.0

2019-03-06-16-40-26-790	11563	0	1	773.0	232.0

2019-03-06-16-40-27-581	11564	0	0	648.0	256.0

2019-03-06-16-40-27-660	11565	0	1	648.0	256.0

2019-03-06-16-40-28-453	11566	0	0	1132.0	247.0

2019-03-06-16-40-28-652	11567	0	1	1127.0	246.0

2019-03-06-16-40-29-069	11568	0	0	1147.0	192.0

2019-03-06-16-40-29-211	11569	0	1	1147.0	192.0

2019-03-06-16-40-29-758	11570	0	0	1504.0	212.0

2019-03-06-16-40-29-907	11571	0	1	1504.0	212.0

2019-03-06-16-40-30-501	11572	0	0	1448.0	666.0

2019-03-06-16-40-30-649	11573	0	1	1448.0	666.0

2019-03-06-16-40-31-425	11574	0	0	903.0	494.0

2019-03-06-16-40-31-502	11575	0	1	903.0	494.0

2019-03-06-16-40-32-080	11576	0	0	888.0	462.0

2019-03-06-16-40-32-221	11577	0	1	887.0	462.0

2019-03-06-16-40-32-825	11578	0	0	807.0	248.0

2019-03-06-16-40-32-962	11579	0	1	807.0	248.0

2019-03-06-16-40-33-309	11580	0	0	1641.0	231.0

2019-03-06-16-40-33-393	11581	0	1	1639.6178	253.82166

2019-03-06-16-40-33-780	11582	0	0	1281.0	941.0

2019-03-06-16-40-33-916	11583	0	1	1281.0	941.0

2019-03-06-16-40-34-626	11584	0	0	858.0	269.0

2019-03-06-16-40-34-702	11585	0	1	858.0	269.0

2019-03-06-16-40-35-483	11586	0	0	998.0	267.0

2019-03-06-16-40-35-631	11587	0	1	998.0	267.0

2019-03-06-16-40-35-803	11588	0	0	1854.0	213.0

2019-03-06-16-40-35-969	11589	0	1	1854.0	213.0

2019-03-06-16-40-36-269	11590	0	0	537.0	323.0

2019-03-06-16-40-36-366	11591	0	1	537.0	323.0

2019-03-06-16-40-36-459	11592	0	0	1274.0	867.0

2019-03-06-16-40-36-557	11593	0	1	1274.0	867.0

2019-03-06-16-40-37-042	11594	0	0	1520.0	213.0

2019-03-06-16-40-37-135	11595	0	1	1520.0	213.0

2019-03-06-16-40-37-601	11596	0	0	1421.0	719.0

2019-03-06-16-40-37-754	11597	0	1	1421.0	719.0

2019-03-06-16-40-38-202	11598	0	0	1291.0	825.0

2019-03-06-16-40-38-271	11599	0	1	1291.0	825.0

2019-03-06-16-40-39-005	11600	0	0	883.0	239.0

2019-03-06-16-40-39-194	11601	0	1	876.0	236.0

2019-03-06-16-40-39-616	11602	0	0	817.0	185.0

2019-03-06-16-40-39-968	11603	0	1	807.0	176.0

2019-03-06-16-40-41-188	11604	0	0	1243.0	378.0

2019-03-06-16-40-41-651	11605	0	1	1238.0	394.0

2019-03-06-16-40-42-050	11606	0	0	1495.0	187.0

2019-03-06-16-40-42-316	11607	0	1	1495.0	187.0

2019-03-06-16-40-42-855	11608	0	0	400.0	548.0

2019-03-06-16-40-43-070	11609	0	1	403.0	555.0

2019-03-06-16-40-43-488	11610	0	0	354.0	500.0

2019-03-06-16-40-43-697	11611	0	1	351.0	499.0

2019-03-06-16-40-44-105	11612	0	0	348.0	431.0

2019-03-06-16-40-44-527	11613	0	1	346.0	445.0

2019-03-06-16-40-44-985	11614	0	0	1215.0	934.0

2019-03-06-16-40-45-119	11615	0	1	1215.0	934.0

2019-03-06-16-40-45-912	11616	0	0	758.0	736.0

2019-03-06-16-40-45-922	11617	0	1	758.0	736.0

2019-03-06-16-40-46-325	11618	0	0	202.0	602.0

2019-03-06-16-40-46-466	11619	0	1	202.0	602.0

2019-03-06-16-40-46-612	11620	0	0	374.0	504.0

2019-03-06-16-40-46-690	11621	0	1	374.0	504.0

2019-03-06-16-40-46-830	11622	0	0	497.0	309.0

2019-03-06-16-40-46-976	11623	0	1	497.0	309.0

2019-03-06-16-40-50-301	11624	0	0	1622.0	192.0

2019-03-06-16-40-50-441	11625	0	1	1622.0	192.0

2019-03-06-16-40-50-962	11626	0	0	1634.0	146.0

2019-03-06-16-40-51-033	11627	0	1	1634.0	146.0

2019-03-06-16-40-51-803	11628	0	0	1862.0	152.0

2019-03-06-16-40-52-251	11629	0	1	1851.0	180.0

2019-03-06-16-40-53-233	11630	0	0	462.0	193.0

2019-03-06-16-40-53-494	11631	0	1	446.0	202.0

2019-03-06-16-40-53-956	11632	0	0	1621.0	231.0

2019-03-06-16-40-54-399	11633	0	1	1617.0	231.0

2019-03-06-16-40-54-720	11634	0	0	1852.0	178.0

2019-03-06-16-40-55-055	11635	0	1	1859.0	202.0

2019-03-06-16-40-55-445	11636	0	0	1785.0	420.0

2019-03-06-16-40-55-722	11637	0	1	1778.0	425.0

2019-03-06-16-40-56-441	11638	0	0	416.0	256.0

2019-03-06-16-40-56-572	11639	0	1	414.0	258.0

2019-03-06-16-40-57-095	11640	0	0	446.0	173.0

2019-03-06-16-40-57-491	11641	0	1	423.0	181.0

2019-03-06-16-40-58-791	11642	0	0	1225.0	823.0

2019-03-06-16-40-58-981	11643	0	1	1225.0	830.0

2019-03-06-16-40-59-471	11644	0	0	167.0	426.0

2019-03-06-16-40-59-748	11645	0	1	154.0	460.0

2019-03-06-16-41-00-288	11646	0	0	621.0	235.0

2019-03-06-16-41-00-508	11647	0	1	599.7723	238.62871

2019-03-06-16-41-00-995	11648	0	0	473.0	222.0

2019-03-06-16-41-01-203	11649	0	1	468.0	227.0

2019-03-06-16-41-01-416	11650	0	0	596.0	210.0

2019-03-06-16-41-01-635	11651	0	1	596.0	210.0

2019-03-06-16-41-01-867	11652	0	0	697.0	176.0

2019-03-06-16-41-02-076	11653	0	1	685.947	183.0

2019-03-06-16-41-02-291	11654	0	0	503.0	185.0

2019-03-06-16-41-02-622	11655	0	1	484.58932	200.0

