2019-03-06-16-50-05-520	12478	0	0	1241.0	434.0

2019-03-06-16-50-05-888	12479	0	1	1242.0	434.0

2019-03-06-16-50-06-529	12480	0	0	482.0	251.0

2019-03-06-16-50-06-891	12481	0	1	475.0	258.0

2019-03-06-16-50-07-085	12482	0	0	432.0	160.0

2019-03-06-16-50-07-368	12483	0	1	426.0	166.0

2019-03-06-16-50-07-656	12484	0	0	542.0	382.0

2019-03-06-16-50-07-760	12485	0	1	542.0	382.0

2019-03-06-16-50-08-031	12486	0	0	435.0	168.0

2019-03-06-16-50-08-214	12487	0	1	429.98074	169.0

2019-03-06-16-50-08-701	12488	0	0	1808.0	390.0

2019-03-06-16-50-08-978	12489	0	1	1809.0	407.0

2019-03-06-16-50-09-166	12490	0	0	1827.0	391.0

2019-03-06-16-50-09-349	12491	0	1	1827.0	391.0

2019-03-06-16-50-09-618	12492	0	0	1677.0	160.0

2019-03-06-16-50-09-812	12493	0	1	1689.0	163.0

2019-03-06-16-50-10-475	12494	0	0	1278.0	867.0

2019-03-06-16-50-10-570	12495	0	1	1278.0	867.0

2019-03-06-16-50-11-316	12496	0	0	1458.0	149.0

2019-03-06-16-50-11-509	12497	0	1	1458.0	161.0

2019-03-06-16-50-12-231	12498	0	0	893.0	220.0

2019-03-06-16-50-12-505	12499	0	1	877.9421	217.9807

2019-03-06-16-50-12-949	12500	0	0	1247.0	910.0

2019-03-06-16-50-13-044	12501	0	1	1247.0	910.0

2019-03-06-16-50-13-611	12502	0	0	1496.0	157.0

2019-03-06-16-50-13-793	12503	0	1	1496.0	157.0

2019-03-06-16-50-14-429	12504	0	0	390.0	491.0

2019-03-06-16-50-14-704	12505	0	1	373.0	504.0

2019-03-06-16-50-14-992	12506	0	0	371.0	417.0

2019-03-06-16-50-15-190	12507	0	1	370.0	419.0

2019-03-06-16-50-15-391	12508	0	0	1217.0	888.0

2019-03-06-16-50-15-590	12509	0	1	1217.0	888.0

2019-03-06-16-50-15-977	12510	0	0	1404.0	585.0

2019-03-06-16-50-16-254	12511	0	1	1402.0	599.0

2019-03-06-16-50-16-553	12512	0	0	1578.0	545.0

2019-03-06-16-50-16-839	12513	0	1	1572.0	565.0

2019-03-06-16-50-17-411	12514	0	0	485.0	182.0

2019-03-06-16-50-17-703	12515	0	1	469.6675	200.66496

2019-03-06-16-50-17-904	12516	0	0	1262.0	912.0

2019-03-06-16-50-18-092	12517	0	1	1262.0	912.0

2019-03-06-16-50-18-383	12518	0	0	199.0	484.0

2019-03-06-16-50-18-680	12519	0	1	186.0	494.0

2019-03-06-16-50-18-967	12520	0	0	190.0	428.0

2019-03-06-16-50-19-153	12521	0	1	190.0	428.0

2019-03-06-16-50-20-675	12522	0	0	1052.0	420.0

2019-03-06-16-50-20-888	12523	0	1	1052.0	420.0

2019-03-06-16-50-21-184	12524	0	0	202.0	439.0

2019-03-06-16-50-21-474	12525	0	1	192.0	451.0

2019-03-06-16-50-22-002	12526	0	0	1446.0	155.0

2019-03-06-16-50-22-203	12527	0	1	1445.0	158.0

2019-03-06-16-50-22-766	12528	0	0	1411.0	600.0

2019-03-06-16-50-22-863	12529	0	1	1411.0	600.0

2019-03-06-16-50-23-140	12530	0	0	1260.0	874.0

2019-03-06-16-50-23-243	12531	0	1	1260.0	874.0

2019-03-06-16-50-24-561	12532	0	0	1209.0	889.0

2019-03-06-16-50-24-665	12533	0	1	1209.0	889.0

2019-03-06-16-50-26-932	12534	0	0	868.0	209.0

2019-03-06-16-50-27-202	12535	0	1	848.4985	207.62462

2019-03-06-16-50-27-642	12536	0	0	1620.0	157.0

2019-03-06-16-50-27-832	12537	0	1	1620.0	157.0

2019-03-06-16-50-28-450	12538	0	0	578.0	503.0

2019-03-06-16-50-28-724	12539	0	1	575.0	507.0

2019-03-06-16-50-29-002	12540	0	0	544.0	417.0

2019-03-06-16-50-29-186	12541	0	1	544.0	417.0

2019-03-06-16-50-29-641	12542	0	0	175.0	400.0

2019-03-06-16-50-30-003	12543	0	1	169.0	424.0

2019-03-06-16-50-30-555	12544	0	0	1143.0	175.0

2019-03-06-16-50-30-924	12545	0	1	1143.0	175.0

2019-03-06-16-50-31-294	12546	0	0	1128.0	881.0

2019-03-06-16-50-31-396	12547	0	1	1128.0	881.0

2019-03-06-16-50-31-858	12548	0	0	1446.0	152.0

2019-03-06-16-50-32-041	12549	0	1	1446.0	152.0

2019-03-06-16-50-32-668	12550	0	0	847.0	158.0

2019-03-06-16-50-32-857	12551	0	1	842.0	163.0

2019-03-06-16-50-33-140	12552	0	0	1179.0	945.0

2019-03-06-16-50-33-239	12553	0	1	1179.0	945.0

2019-03-06-16-50-34-064	12554	0	0	1436.0	160.0

2019-03-06-16-50-34-159	12555	0	1	1436.0	160.0

2019-03-06-16-50-34-828	12556	0	0	399.0	443.0

2019-03-06-16-50-35-046	12557	0	1	393.0	452.0

2019-03-06-16-50-35-308	12558	0	0	1202.0	867.0

2019-03-06-16-50-35-419	12559	0	1	1202.0	867.0

2019-03-06-16-50-35-786	12560	0	0	1439.0	150.0

2019-03-06-16-50-35-955	12561	0	1	1439.0	150.0

2019-03-06-16-50-36-609	12562	0	0	193.0	461.0

2019-03-06-16-50-36-825	12563	0	1	187.0	474.0

2019-03-06-16-50-37-437	12564	0	0	1598.0	709.0

2019-03-06-16-50-37-594	12565	0	1	1598.0	709.0

2019-03-06-16-50-38-010	12566	0	0	1635.0	664.0

2019-03-06-16-50-38-119	12567	0	1	1635.0	664.0

2019-03-06-16-50-38-481	12568	0	0	1548.0	667.0

2019-03-06-16-50-38-644	12569	0	1	1548.0	667.0

2019-03-06-16-50-39-061	12570	0	0	1320.0	889.0

2019-03-06-16-50-39-175	12571	0	1	1320.0	889.0

2019-03-06-16-50-39-644	12572	0	0	899.0	277.0

2019-03-06-16-50-39-797	12573	0	1	899.0	277.0

2019-03-06-16-50-40-235	12574	0	0	826.0	187.0

2019-03-06-16-50-40-398	12575	0	1	819.88916	190.03694

2019-03-06-16-50-40-799	12576	0	0	660.0	194.0

2019-03-06-16-50-40-907	12577	0	1	660.0	194.0

2019-03-06-16-50-41-276	12578	0	0	1057.0	172.0

2019-03-06-16-50-41-398	12579	0	1	1057.0	172.0

2019-03-06-16-50-42-162	12580	0	0	1440.0	238.0

2019-03-06-16-50-42-421	12581	0	1	1426.0	216.0

2019-03-06-16-50-42-849	12582	0	0	1471.0	179.0

2019-03-06-16-50-43-010	12583	0	1	1471.0	179.0

2019-03-06-16-50-43-375	12584	0	0	1384.0	364.0

2019-03-06-16-50-43-438	12585	0	1	1384.0	364.0

2019-03-06-16-50-44-119	12586	0	0	1478.0	209.0

2019-03-06-16-50-44-275	12587	0	1	1478.0	209.0

2019-03-06-16-50-44-793	12588	0	0	1394.0	655.0

2019-03-06-16-50-44-908	12589	0	1	1394.0	655.0

2019-03-06-16-50-45-286	12590	0	0	1020.0	472.0

2019-03-06-16-50-45-349	12591	0	1	1020.0	472.0

2019-03-06-16-50-45-611	12592	0	0	1269.0	878.0

2019-03-06-16-50-45-722	12593	0	1	1269.0	878.0

2019-03-06-16-50-46-000	12594	0	0	960.0	403.0

2019-03-06-16-50-46-262	12595	0	1	957.0	410.0

2019-03-06-16-50-46-526	12596	0	0	1274.0	857.0

2019-03-06-16-50-46-638	12597	0	1	1274.0	857.0

2019-03-06-16-50-47-004	12598	0	0	882.0	200.0

2019-03-06-16-50-47-264	12599	0	1	878.0	205.0

2019-03-06-16-50-47-816	12600	0	0	1656.0	137.0

2019-03-06-16-50-48-087	12601	0	1	1653.0	145.0

2019-03-06-16-50-48-599	12602	0	0	1261.0	876.0

2019-03-06-16-50-48-712	12603	0	1	1261.0	876.0

2019-03-06-16-50-49-286	12604	0	0	906.0	230.0

2019-03-06-16-50-49-452	12605	0	1	906.0	230.0

2019-03-06-16-50-49-714	12606	0	0	1075.0	227.0

2019-03-06-16-50-49-873	12607	0	1	1075.0	227.0

2019-03-06-16-50-50-190	12608	0	0	1847.0	168.0

2019-03-06-16-50-50-356	12609	0	1	1847.0	168.0

2019-03-06-16-50-51-018	12610	0	0	550.0	276.0

2019-03-06-16-50-51-184	12611	0	1	545.0	285.0

2019-03-06-16-50-51-595	12612	0	0	549.0	228.0

2019-03-06-16-50-51-800	12613	0	1	549.0	228.0

2019-03-06-16-50-52-007	12614	0	0	1224.0	918.0

2019-03-06-16-50-52-172	12615	0	1	1224.0	916.96893

2019-03-06-16-50-52-534	12616	0	0	444.0	482.0

2019-03-06-16-50-52-747	12617	0	1	439.0	493.0

2019-03-06-16-50-53-064	12618	0	0	433.0	431.0

2019-03-06-16-50-53-374	12619	0	1	425.0	452.0

2019-03-06-16-50-53-932	12620	0	0	1242.0	202.0

2019-03-06-16-50-54-245	12621	0	1	1240.0	165.0

2019-03-06-16-50-54-968	12622	0	0	828.0	730.0

2019-03-06-16-50-55-379	12623	0	1	820.0	751.0

2019-03-06-16-50-55-928	12624	0	0	720.0	705.0

2019-03-06-16-50-56-349	12625	0	1	713.0	715.0

2019-03-06-16-50-56-562	12626	0	0	709.0	609.0

2019-03-06-16-50-56-822	12627	0	1	702.0	624.0

2019-03-06-16-50-57-194	12628	0	0	735.0	766.0

2019-03-06-16-50-57-563	12629	0	1	735.0	767.0

2019-03-06-16-50-58-283	12630	0	0	720.0	775.0

2019-03-06-16-50-58-593	12631	0	1	723.0	745.0

2019-03-06-16-50-58-752	12632	0	0	793.0	713.0

2019-03-06-16-50-59-110	12633	0	1	793.0	699.0

2019-03-06-16-50-59-325	12634	0	0	766.0	561.0

2019-03-06-16-50-59-639	12635	0	1	762.0	572.0

2019-03-06-16-50-59-894	12636	0	0	777.0	540.0

2019-03-06-16-51-00-103	12637	0	1	774.0	551.0

2019-03-06-16-51-00-264	12638	0	0	1177.0	424.0

2019-03-06-16-51-00-490	12639	0	1	1184.0	432.0

2019-03-06-16-51-00-908	12640	0	0	1226.0	909.0

2019-03-06-16-51-01-017	12641	0	1	1226.0	909.0

2019-03-06-16-51-01-439	12642	0	0	905.0	230.0

2019-03-06-16-51-01-673	12643	0	1	856.0	255.0

2019-03-06-16-51-02-046	12644	0	0	1223.0	445.0

2019-03-06-16-51-02-206	12645	0	1	1223.0	445.0

2019-03-06-16-51-02-950	12646	0	0	270.0	532.0

2019-03-06-16-51-03-072	12647	0	1	270.0	532.0

2019-03-06-16-51-03-443	12648	0	0	224.0	443.0

2019-03-06-16-51-03-605	12649	0	1	217.0	451.0

2019-03-06-16-51-04-235	12650	0	0	892.0	183.0

2019-03-06-16-51-04-397	12651	0	1	892.0	183.0

2019-03-06-16-51-05-292	12652	0	0	1446.0	202.0

2019-03-06-16-51-05-454	12653	0	1	1446.0	202.0

2019-03-06-16-51-05-838	12654	0	0	877.0	231.0

2019-03-06-16-51-06-053	12655	0	1	877.0	231.0

2019-03-06-16-51-06-278	12656	0	0	1165.0	890.0

2019-03-06-16-51-06-438	12657	0	1	1165.0	890.0

2019-03-06-16-51-06-905	12658	0	0	1458.0	137.0

2019-03-06-16-51-07-223	12659	0	1	1458.0	165.0

2019-03-06-16-51-07-706	12660	0	0	447.0	482.0

2019-03-06-16-51-07-970	12661	0	1	421.0	511.0

2019-03-06-16-51-08-233	12662	0	0	418.0	420.0

2019-03-06-16-51-08-499	12663	0	1	406.0	438.0

2019-03-06-16-51-08-719	12664	0	0	1184.0	976.0

2019-03-06-16-51-08-833	12665	0	1	1192.0	946.0

2019-03-06-16-51-09-522	12666	0	0	164.0	482.0

2019-03-06-16-51-09-787	12667	0	1	166.0	483.0

2019-03-06-16-51-10-052	12668	0	0	241.0	430.0

2019-03-06-16-51-10-410	12669	0	1	241.0	430.0

2019-03-06-16-51-11-134	12670	0	0	790.0	780.0

2019-03-06-16-51-11-304	12671	0	1	790.0	780.0

2019-03-06-16-51-11-721	12672	0	0	837.0	248.0

2019-03-06-16-51-11-995	12673	0	1	831.0	252.0

2019-03-06-16-51-12-267	12674	0	0	861.0	234.0

2019-03-06-16-51-12-582	12675	0	1	861.0	234.0

2019-03-06-16-51-13-157	12676	0	0	1254.0	213.0

2019-03-06-16-51-13-424	12677	0	1	1259.0	195.0

2019-03-06-16-51-13-881	12678	0	0	223.0	538.0

2019-03-06-16-51-14-047	12679	0	1	205.0	550.0

2019-03-06-16-51-14-421	12680	0	0	205.0	487.0

2019-03-06-16-51-14-582	12681	0	1	203.0	492.0

2019-03-06-16-51-15-041	12682	0	0	193.0	434.0

2019-03-06-16-51-15-257	12683	0	1	174.0	485.0

2019-03-06-16-51-15-827	12684	0	0	1768.0	411.0

2019-03-06-16-51-15-935	12685	0	1	1768.0	411.0

2019-03-06-16-51-16-147	12686	0	0	1752.0	453.0

2019-03-06-16-51-16-259	12687	0	1	1752.0	453.0

2019-03-06-16-51-16-875	12688	0	0	1017.0	223.0

2019-03-06-16-51-16-988	12689	0	1	1017.0	223.0

2019-03-06-16-51-17-100	12690	0	0	1061.0	203.0

2019-03-06-16-51-17-216	12691	0	1	1061.0	203.0

2019-03-06-16-51-17-374	12692	0	0	1207.0	940.0

2019-03-06-16-51-17-492	12693	0	1	1207.0	940.0

2019-03-06-16-51-17-760	12694	0	0	1193.0	467.0

2019-03-06-16-51-17-869	12695	0	1	1193.0	467.0

2019-03-06-16-51-18-038	12696	0	0	158.0	527.0

2019-03-06-16-51-18-155	12697	0	1	158.0	527.0

2019-03-06-16-51-18-594	12698	0	0	249.0	368.0

2019-03-06-16-51-18-763	12699	0	1	239.0	384.0

2019-03-06-16-51-19-144	12700	0	0	216.0	478.0

2019-03-06-16-51-19-152	12701	0	1	216.0	478.0

2019-03-06-16-51-19-622	12702	0	0	758.0	274.0

2019-03-06-16-51-19-743	12703	0	1	725.0	277.0

2019-03-06-16-51-20-126	12704	0	0	627.0	265.0

2019-03-06-16-51-20-288	12705	0	1	627.0	265.0

2019-03-06-16-51-20-454	12706	0	0	571.0	507.0

2019-03-06-16-51-20-574	12707	0	1	571.0	507.0

2019-03-06-16-51-20-748	12708	0	0	1194.0	921.0

2019-03-06-16-51-20-867	12709	0	1	1194.0	921.0

2019-03-06-16-51-20-981	12710	0	0	666.0	219.0

2019-03-06-16-51-21-149	12711	0	1	666.0	219.0

2019-03-06-16-51-21-425	12712	0	0	615.0	468.0

2019-03-06-16-51-21-486	12713	0	1	615.0	468.0

2019-03-06-16-51-21-660	12714	0	0	1200.0	887.0

2019-03-06-16-51-21-782	12715	0	1	1200.0	887.0

2019-03-06-16-51-21-953	12716	0	0	883.0	229.0

2019-03-06-16-51-22-125	12717	0	1	883.0	229.0

2019-03-06-16-51-22-241	12718	0	0	1638.0	186.0

2019-03-06-16-51-22-354	12719	0	1	1638.0	186.0

2019-03-06-16-51-22-576	12720	0	0	1236.0	876.0

2019-03-06-16-51-22-689	12721	0	1	1236.0	876.0

2019-03-06-16-51-22-916	12722	0	0	582.0	510.0

2019-03-06-16-51-23-092	12723	0	1	582.0	510.0

2019-03-06-16-51-23-101	12724	0	0	1646.0	230.0

2019-03-06-16-51-23-218	12725	0	1	1646.0	230.0

2019-03-06-16-51-23-439	12726	0	0	1236.0	921.0

2019-03-06-16-51-23-554	12727	0	1	1236.0	921.0

2019-03-06-16-51-24-949	12728	0	0	1451.0	203.0

2019-03-06-16-51-25-066	12729	0	1	1451.0	203.0

2019-03-06-16-51-25-291	12730	0	0	1241.0	911.0

2019-03-06-16-51-25-409	12731	0	1	1241.0	911.0

2019-03-06-16-51-25-789	12732	0	0	246.0	422.0

2019-03-06-16-51-26-077	12733	0	1	236.0	458.0

2019-03-06-16-51-26-676	12734	0	0	778.0	764.0

2019-03-06-16-51-26-886	12735	0	1	779.0	764.0

2019-03-06-16-51-27-331	12736	0	0	757.0	655.0

2019-03-06-16-51-27-504	12737	0	1	757.0	655.0

2019-03-06-16-51-28-048	12738	0	0	839.0	228.0

2019-03-06-16-51-28-208	12739	0	1	839.0	228.0

2019-03-06-16-51-28-495	12740	0	0	1244.0	141.0

2019-03-06-16-51-28-664	12741	0	1	1244.0	141.0

2019-03-06-16-51-29-251	12742	0	0	169.0	432.0

2019-03-06-16-51-29-488	12743	0	1	171.0	445.0

2019-03-06-16-51-29-927	12744	0	0	1763.0	411.0

2019-03-06-16-51-29-991	12745	0	1	1763.0	411.0

2019-03-06-16-51-30-155	12746	0	0	1814.0	411.0

2019-03-06-16-51-30-274	12747	0	1	1814.0	411.0

2019-03-06-16-51-30-857	12748	0	0	1143.0	221.0

2019-03-06-16-51-31-030	12749	0	1	1119.0	221.0

2019-03-06-16-51-31-801	12750	0	0	1240.0	864.0

2019-03-06-16-51-31-911	12751	0	1	1240.0	864.0

2019-03-06-16-51-32-600	12752	0	0	354.0	169.0

2019-03-06-16-51-32-832	12753	0	1	353.0	175.0

2019-03-06-16-51-33-209	12754	0	0	231.0	431.0

2019-03-06-16-51-33-431	12755	0	1	231.0	431.0

2019-03-06-16-51-33-964	12756	0	0	1390.0	690.0

2019-03-06-16-51-34-080	12757	0	1	1390.0	690.0

2019-03-06-16-51-34-710	12758	0	0	932.0	214.0

2019-03-06-16-51-34-829	12759	0	1	932.0	214.0

2019-03-06-16-51-35-003	12760	0	0	1209.0	902.0

2019-03-06-16-51-35-126	12761	0	1	1209.0	902.0

2019-03-06-16-51-35-294	12762	0	0	900.0	256.0

2019-03-06-16-51-35-463	12763	0	1	900.0	256.0

2019-03-06-16-51-35-638	12764	0	0	1651.0	156.0

2019-03-06-16-51-35-803	12765	0	1	1651.0	156.0

2019-03-06-16-51-36-239	12766	0	0	1202.0	875.0

2019-03-06-16-51-36-358	12767	0	1	1202.0	875.0

2019-03-06-16-51-37-771	12768	0	0	920.0	213.0

2019-03-06-16-51-38-167	12769	0	1	908.0	212.0

2019-03-06-16-51-38-680	12770	0	0	1686.0	166.0

2019-03-06-16-51-38-975	12771	0	1	1676.0	140.0

2019-03-06-16-51-39-591	12772	0	0	1212.0	922.0

2019-03-06-16-51-39-716	12773	0	1	1212.0	922.0

2019-03-06-16-51-40-066	12774	0	0	792.0	693.0

2019-03-06-16-51-40-466	12775	0	1	805.0	671.0

2019-03-06-16-51-41-432	12776	0	0	673.0	249.0

2019-03-06-16-51-41-876	12777	0	1	673.0	229.0

2019-03-06-16-51-42-068	12778	0	0	662.0	189.0

2019-03-06-16-51-42-447	12779	0	1	654.0	195.0

2019-03-06-16-51-43-028	12780	0	0	1045.0	163.0

2019-03-06-16-51-43-203	12781	0	1	1045.0	163.0

2019-03-06-16-51-43-722	12782	0	0	1131.0	906.0

2019-03-06-16-51-43-893	12783	0	1	1131.0	906.0

2019-03-06-16-51-44-237	12784	0	0	1172.0	646.0

2019-03-06-16-51-44-416	12785	0	1	1173.0	661.0

2019-03-06-16-51-45-564	12786	0	0	559.0	232.0

2019-03-06-16-51-45-801	12787	0	1	530.0	180.0

2019-03-06-16-51-46-434	12788	0	0	814.0	676.0

2019-03-06-16-51-46-670	12789	0	1	806.0	675.0

2019-03-06-16-51-47-135	12790	0	0	272.0	425.0

2019-03-06-16-51-47-376	12791	0	1	254.0	477.0

2019-03-06-16-51-47-887	12792	0	0	1257.0	157.0

2019-03-06-16-51-48-066	12793	0	1	1258.0	172.0

2019-03-06-16-51-48-707	12794	0	0	445.0	491.0

2019-03-06-16-51-49-006	12795	0	1	433.94934	483.94934

2019-03-06-16-51-49-354	12796	0	0	400.0	403.0

2019-03-06-16-51-49-473	12797	0	1	400.0	403.0

2019-03-06-16-51-49-775	12798	0	0	455.0	220.0

2019-03-06-16-51-50-014	12799	0	1	459.0	222.0

2019-03-06-16-51-50-473	12800	0	0	1131.0	868.0

2019-03-06-16-51-50-650	12801	0	1	1131.0	868.0

2019-03-06-16-51-51-111	12802	0	0	1445.0	181.0

2019-03-06-16-51-51-234	12803	0	1	1445.0	181.0

2019-03-06-16-51-51-757	12804	0	0	970.0	175.0

2019-03-06-16-51-51-936	12805	0	1	967.0	168.0

2019-03-06-16-51-52-355	12806	0	0	872.0	221.0

2019-03-06-16-51-52-536	12807	0	1	869.0	218.0

2019-03-06-16-51-52-766	12808	0	0	1179.0	921.0

2019-03-06-16-51-52-889	12809	0	1	1179.0	921.0

2019-03-06-16-51-53-363	12810	0	0	1520.0	102.0

2019-03-06-16-51-53-489	12811	0	1	1501.0	133.0

2019-03-06-16-51-54-169	12812	0	0	437.0	442.0

2019-03-06-16-51-54-461	12813	0	1	430.0	475.0

2019-03-06-16-51-54-695	12814	0	0	1171.0	919.0

2019-03-06-16-51-54-821	12815	0	1	1171.0	919.0

2019-03-06-16-51-55-229	12816	0	0	885.0	227.0

2019-03-06-16-51-55-528	12817	0	1	901.0	151.0

2019-03-06-16-51-55-851	12818	0	0	1197.0	410.0

2019-03-06-16-51-55-977	12819	0	1	1197.0	410.0

2019-03-06-16-51-56-601	12820	0	0	531.0	237.0

2019-03-06-16-51-56-721	12821	0	1	507.80246	242.36626

2019-03-06-16-51-56-911	12822	0	0	1132.0	883.0

2019-03-06-16-51-56-987	12823	0	1	1132.0	883.0

2019-03-06-16-51-57-278	12824	0	0	824.0	436.0

2019-03-06-16-51-57-402	12825	0	1	824.0	436.0

2019-03-06-16-51-58-149	12826	0	0	1428.0	196.0

2019-03-06-16-51-58-279	12827	0	1	1428.0	196.0

2019-03-06-16-51-58-524	12828	0	0	708.0	219.0

2019-03-06-16-51-58-651	12829	0	1	708.0	219.0

2019-03-06-16-51-59-286	12830	0	0	400.0	442.0

2019-03-06-16-51-59-417	12831	0	1	400.0	442.0

2019-03-06-16-52-00-168	12832	0	0	855.0	192.0

2019-03-06-16-52-00-356	12833	0	1	855.0	174.0

2019-03-06-16-52-00-751	12834	0	0	1188.0	984.0

2019-03-06-16-52-00-941	12835	0	1	1222.0	909.0

2019-03-06-16-52-01-539	12836	0	0	917.0	205.0

2019-03-06-16-52-01-663	12837	0	1	917.0	205.0

2019-03-06-16-52-02-194	12838	0	0	1449.0	177.0

2019-03-06-16-52-02-317	12839	0	1	1449.0	177.0

2019-03-06-16-52-02-685	12840	0	0	1573.0	696.0

2019-03-06-16-52-02-815	12841	0	1	1573.0	696.0

2019-03-06-16-52-03-474	12842	0	0	510.0	227.0

2019-03-06-16-52-03-670	12843	0	1	510.0	227.0

2019-03-06-16-52-03-863	12844	0	0	1250.0	917.0

2019-03-06-16-52-03-992	12845	0	1	1250.0	917.0

2019-03-06-16-52-04-238	12846	0	0	942.0	223.0

2019-03-06-16-52-04-434	12847	0	1	942.0	223.0

2019-03-06-16-52-04-740	12848	0	0	1654.0	201.0

2019-03-06-16-52-04-932	12849	0	1	1654.0	201.0

2019-03-06-16-52-05-229	12850	0	0	1239.0	851.0

2019-03-06-16-52-05-297	12851	0	1	1239.0	851.0

2019-03-06-16-52-05-540	12852	0	0	897.0	227.0

2019-03-06-16-52-05-674	12853	0	1	897.0	230.0

2019-03-06-16-52-06-216	12854	0	0	1097.0	221.0

2019-03-06-16-52-06-397	12855	0	1	1097.0	221.0

2019-03-06-16-52-06-869	12856	0	0	1863.0	147.0

2019-03-06-16-52-07-001	12857	0	1	1860.0	159.0

2019-03-06-16-52-08-302	12858	0	0	566.0	229.0

2019-03-06-16-52-08-487	12859	0	1	518.0	233.0

2019-03-06-16-52-08-840	12860	0	0	1188.0	941.0

2019-03-06-16-52-08-964	12861	0	1	1188.0	941.0

2019-03-06-16-52-09-499	12862	0	0	1472.0	144.0

2019-03-06-16-52-09-625	12863	0	1	1472.0	144.0

2019-03-06-16-52-10-029	12864	0	0	1368.0	666.0

2019-03-06-16-52-10-151	12865	0	1	1368.0	666.0

2019-03-06-16-52-10-524	12866	0	0	1317.0	863.0

2019-03-06-16-52-10-594	12867	0	1	1317.0	863.0

2019-03-06-16-52-10-840	12868	0	0	948.0	240.0

2019-03-06-16-52-11-028	12869	0	1	944.0	239.0

2019-03-06-16-52-11-274	12870	0	0	1230.0	407.0

2019-03-06-16-52-11-403	12871	0	1	1230.0	407.0

2019-03-06-16-52-11-939	12872	0	0	1471.0	222.0

2019-03-06-16-52-12-131	12873	0	1	1464.0	205.0

2019-03-06-16-52-12-722	12874	0	0	448.0	457.0

2019-03-06-16-52-12-847	12875	0	1	430.921	496.079

2019-03-06-16-52-13-267	12876	0	0	1184.0	892.0

2019-03-06-16-52-13-339	12877	0	1	1184.0	892.0

2019-03-06-16-52-14-171	12878	0	0	1564.0	653.0

2019-03-06-16-52-14-298	12879	0	1	1564.0	653.0

2019-03-06-16-52-14-481	12880	0	0	256.0	447.0

2019-03-06-16-52-14-669	12881	0	1	236.0	468.0

2019-03-06-16-52-15-026	12882	0	0	400.0	412.0

2019-03-06-16-52-15-158	12883	0	1	400.0	412.0

2019-03-06-16-52-15-347	12884	0	0	1381.0	673.0

2019-03-06-16-52-15-418	12885	0	1	1381.0	673.0

2019-03-06-16-52-15-834	12886	0	0	1075.0	194.0

2019-03-06-16-52-15-961	12887	0	1	1075.0	194.0

2019-03-06-16-52-16-493	12888	0	0	1592.0	639.0

2019-03-06-16-52-16-679	12889	0	1	1571.0	646.0

2019-03-06-16-52-17-154	12890	0	0	228.0	488.0

2019-03-06-16-52-17-396	12891	0	1	228.0	473.90308

2019-03-06-16-52-17-807	12892	0	0	211.0	364.0

2019-03-06-16-52-17-995	12893	0	1	207.0	381.0

2019-03-06-16-52-18-534	12894	0	0	1375.0	608.0

2019-03-06-16-52-18-673	12895	0	1	1375.0	608.0

2019-03-06-16-52-18-803	12896	0	0	1368.0	664.0

2019-03-06-16-52-18-874	12897	0	1	1368.0	664.0

2019-03-06-16-52-19-599	12898	0	0	520.0	221.0

2019-03-06-16-52-19-956	12899	0	1	511.0	239.0

2019-03-06-16-52-20-140	12900	0	0	668.0	199.0

2019-03-06-16-52-20-381	12901	0	1	666.0	200.08711

2019-03-06-16-52-20-798	12902	0	0	1186.0	930.0

2019-03-06-16-52-20-871	12903	0	1	1186.0	930.0

2019-03-06-16-52-21-713	12904	0	0	1418.0	234.0

2019-03-06-16-52-22-083	12905	0	1	1424.0	181.0

2019-03-06-16-52-22-460	12906	0	0	1144.0	901.0

2019-03-06-16-52-22-592	12907	0	1	1144.0	901.0

2019-03-06-16-52-23-182	12908	0	0	306.0	227.0

2019-03-06-16-52-23-377	12909	0	1	303.0	230.0

2019-03-06-16-52-23-734	12910	0	0	228.0	383.0

2019-03-06-16-52-23-802	12911	0	1	228.0	383.0

2019-03-06-16-52-24-507	12912	0	0	1360.0	671.0

2019-03-06-16-52-24-632	12913	0	1	1360.0	671.0

2019-03-06-16-52-25-487	12914	0	0	913.0	201.0

2019-03-06-16-52-25-621	12915	0	1	913.0	201.0

2019-03-06-16-52-25-870	12916	0	0	1179.0	910.0

2019-03-06-16-52-26-004	12917	0	1	1179.0	910.0

2019-03-06-16-52-26-211	12918	0	0	889.0	236.0

2019-03-06-16-52-26-282	12919	0	1	889.0	236.0

2019-03-06-16-52-26-642	12920	0	0	1629.0	106.0

2019-03-06-16-52-26-833	12921	0	1	1625.0	106.0

2019-03-06-16-52-27-264	12922	0	0	1192.0	875.0

2019-03-06-16-52-27-402	12923	0	1	1192.0	875.0

2019-03-06-16-52-28-180	12924	0	0	757.0	725.0

2019-03-06-16-52-28-541	12925	0	1	784.0	675.0

2019-03-06-16-52-28-780	12926	0	0	776.0	607.0

2019-03-06-16-52-29-037	12927	0	1	772.0	611.0

2019-03-06-16-52-29-694	12928	0	0	640.0	202.0

2019-03-06-16-52-29-881	12929	0	1	640.0	202.0

2019-03-06-16-52-30-502	12930	0	0	1039.0	91.0

2019-03-06-16-52-30-628	12931	0	1	1039.0	91.0

2019-03-06-16-52-31-077	12932	0	0	1160.0	894.0

2019-03-06-16-52-31-148	12933	0	1	1160.0	894.0

2019-03-06-16-52-32-236	12934	0	0	1190.0	636.0

2019-03-06-16-52-32-306	12935	0	1	1190.0	636.0

2019-03-06-16-52-33-231	12936	0	0	485.0	227.0

2019-03-06-16-52-33-423	12937	0	1	485.0	235.11853

2019-03-06-16-52-34-120	12938	0	0	468.0	235.0

2019-03-06-16-52-34-387	12939	0	1	468.0	211.9547

2019-03-06-16-52-34-762	12940	0	0	432.0	212.0

2019-03-06-16-52-34-897	12941	0	1	432.0	212.0

2019-03-06-16-52-35-298	12942	0	0	405.0	457.0

2019-03-06-16-52-35-369	12943	0	1	405.0	457.0

2019-03-06-16-52-36-181	12944	0	0	797.0	674.0

2019-03-06-16-52-36-373	12945	0	1	792.0	686.0

2019-03-06-16-52-36-875	12946	0	0	171.0	416.0

2019-03-06-16-52-37-065	12947	0	1	168.0	419.0

2019-03-06-16-52-37-779	12948	0	0	1260.0	170.0

2019-03-06-16-52-38-023	12949	0	1	1269.0	174.0

2019-03-06-16-52-38-661	12950	0	0	416.0	440.0

2019-03-06-16-52-38-849	12951	0	1	411.77762	443.11118

2019-03-06-16-52-39-151	12952	0	0	478.0	241.0

2019-03-06-16-52-39-278	12953	0	1	478.0	241.0

2019-03-06-16-52-39-643	12954	0	0	1213.0	824.0

2019-03-06-16-52-39-792	12955	0	1	1213.0	824.0

2019-03-06-16-52-40-165	12956	0	0	535.0	239.0

2019-03-06-16-52-40-473	12957	0	1	523.0	258.0

2019-03-06-16-52-40-661	12958	0	0	466.0	171.0

2019-03-06-16-52-40-861	12959	0	1	461.0	181.1252

2019-03-06-16-52-41-186	12960	0	0	1195.0	853.0

2019-03-06-16-52-41-313	12961	0	1	1195.0	853.0

2019-03-06-16-52-41-735	12962	0	0	1452.0	131.0

2019-03-06-16-52-42-053	12963	0	1	1475.9075	144.38148

2019-03-06-16-52-42-546	12964	0	0	937.0	198.0

2019-03-06-16-52-42-799	12965	0	1	920.0	203.0

2019-03-06-16-52-43-052	12966	0	0	1164.0	883.0

2019-03-06-16-52-43-185	12967	0	1	1164.0	883.0

2019-03-06-16-52-45-229	12968	0	0	1504.0	125.0

2019-03-06-16-52-45-544	12969	0	1	1504.0	125.0

2019-03-06-16-52-46-380	12970	0	0	433.0	401.0

2019-03-06-16-52-46-720	12971	0	1	428.0	418.0

2019-03-06-16-52-47-198	12972	0	0	1181.0	914.0

2019-03-06-16-52-47-331	12973	0	1	1181.0	914.0

2019-03-06-16-52-47-978	12974	0	0	224.0	423.0

2019-03-06-16-52-48-232	12975	0	1	217.0	436.0

2019-03-06-16-52-49-488	12976	0	0	798.0	717.0

2019-03-06-16-52-49-812	12977	0	1	790.0	729.0

2019-03-06-16-52-50-076	12978	0	0	773.0	629.0

2019-03-06-16-52-50-268	12979	0	1	764.0	641.0

2019-03-06-16-52-50-833	12980	0	0	875.0	219.0

2019-03-06-16-52-51-101	12981	0	1	875.0	235.0

2019-03-06-16-52-51-769	12982	0	0	1286.0	187.0

2019-03-06-16-52-52-018	12983	0	1	1286.0	187.0

2019-03-06-16-52-53-789	12984	0	0	201.0	432.0

2019-03-06-16-52-54-037	12985	0	1	191.0	454.0

2019-03-06-16-52-54-480	12986	0	0	1741.0	447.0

2019-03-06-16-52-54-606	12987	0	1	1741.0	447.0

2019-03-06-16-52-54-737	12988	0	0	1802.0	405.0

2019-03-06-16-52-54-865	12989	0	1	1802.0	405.0

2019-03-06-16-52-55-295	12990	0	0	1117.0	249.0

2019-03-06-16-52-55-432	12991	0	1	1078.0	244.0

2019-03-06-16-52-55-759	12992	0	0	1267.0	913.0

2019-03-06-16-52-55-892	12993	0	1	1267.0	913.0

2019-03-06-16-52-56-910	12994	0	0	1188.0	414.0

2019-03-06-16-52-57-265	12995	0	1	1180.0	411.0

2019-03-06-16-52-57-844	12996	0	0	207.0	489.0

2019-03-06-16-52-58-100	12997	0	1	198.0	529.0

2019-03-06-16-52-59-147	12998	0	0	1166.0	420.0

2019-03-06-16-52-59-288	12999	0	1	1166.0	420.0

2019-03-06-16-52-59-780	13000	0	0	236.0	380.0

2019-03-06-16-53-00-102	13001	0	1	228.0	397.0

2019-03-06-16-53-00-671	13002	0	0	773.0	219.0

2019-03-06-16-53-00-924	13003	0	1	742.0	217.0

2019-03-06-16-53-01-314	13004	0	0	670.0	285.0

2019-03-06-16-53-01-449	13005	0	1	662.6554	294.22974

2019-03-06-16-53-02-024	13006	0	0	718.0	194.0

2019-03-06-16-53-04-151	13007	0	1	682.0	302.0

2019-03-06-16-53-04-514	13008	0	0	651.0	239.0

2019-03-06-16-53-04-643	13009	0	1	651.0	239.0

2019-03-06-16-53-05-006	13010	0	0	681.0	205.0

2019-03-06-16-53-05-132	13011	0	1	682.0	205.0

2019-03-06-16-53-06-048	13012	0	0	622.0	454.0

2019-03-06-16-53-06-184	13013	0	1	622.0	454.0

2019-03-06-16-53-07-265	13014	0	0	1126.0	962.0

2019-03-06-16-53-07-343	13015	0	1	1140.0	948.0

2019-03-06-16-53-07-676	13016	0	0	863.0	186.0

2019-03-06-16-53-08-008	13017	0	1	863.0	140.0

2019-03-06-16-53-08-351	13018	0	0	878.0	135.0

2019-03-06-16-53-08-362	13019	0	1	878.0	135.0

2019-03-06-16-53-08-436	13020	0	0	871.0	142.0

2019-03-06-16-53-08-579	13021	0	1	871.0	142.0

2019-03-06-16-53-09-155	13022	0	0	1625.0	108.0

2019-03-06-16-53-09-225	13023	0	1	1647.0	116.0

2019-03-06-16-53-09-725	13024	0	0	1124.0	899.0

2019-03-06-16-53-09-859	13025	0	1	1124.0	899.0

2019-03-06-16-53-10-619	13026	0	0	897.0	201.0

2019-03-06-16-53-10-819	13027	0	1	885.0	202.0

2019-03-06-16-53-11-096	13028	0	0	1091.0	218.0

2019-03-06-16-53-11-240	13029	0	1	1091.0	218.0

2019-03-06-16-53-11-634	13030	0	0	1833.0	112.0

2019-03-06-16-53-11-772	13031	0	1	1833.0	112.0

2019-03-06-16-53-12-483	13032	0	0	488.0	191.0

2019-03-06-16-53-12-683	13033	0	1	488.0	191.0

2019-03-06-16-53-12-940	13034	0	0	1228.0	922.0

2019-03-06-16-53-13-017	13035	0	1	1231.0	915.0

2019-03-06-16-53-13-610	13036	0	0	1526.0	105.0

2019-03-06-16-53-13-748	13037	0	1	1521.0	106.0

2019-03-06-16-53-14-203	13038	0	0	1410.0	632.0

2019-03-06-16-53-14-397	13039	0	1	1414.0	640.0

2019-03-06-16-53-14-725	13040	0	0	1350.0	917.0

2019-03-06-16-53-14-800	13041	0	1	1350.0	917.0

2019-03-06-16-53-15-122	13042	0	0	951.0	205.0

2019-03-06-16-53-15-255	13043	0	1	951.0	205.0

2019-03-06-16-53-15-762	13044	0	0	1219.0	425.0

2019-03-06-16-53-15-899	13045	0	1	1219.0	425.0

2019-03-06-16-53-16-156	13046	0	0	1457.0	162.0

2019-03-06-16-53-16-360	13047	0	1	1466.0	162.0

2019-03-06-16-53-16-938	13048	0	0	446.0	408.0

2019-03-06-16-53-17-193	13049	0	1	413.0	455.0

2019-03-06-16-53-17-442	13050	0	0	1231.0	931.0

2019-03-06-16-53-17-513	13051	0	1	1231.0	931.0

2019-03-06-16-53-17-838	13052	0	0	357.0	247.0

2019-03-06-16-53-17-975	13053	0	1	357.0	247.0

2019-03-06-16-53-18-617	13054	0	0	305.0	167.0

2019-03-06-16-53-18-752	13055	0	1	305.0	167.0

2019-03-06-16-53-19-234	13056	0	0	230.0	500.0

2019-03-06-16-53-19-367	13057	0	1	230.0	500.0

2019-03-06-16-53-19-799	13058	0	0	253.0	376.0

2019-03-06-16-53-19-991	13059	0	1	247.0	390.0

2019-03-06-16-53-20-904	13060	0	0	1095.0	124.0

2019-03-06-16-53-21-118	13061	0	1	1095.0	124.0

2019-03-06-16-53-21-500	13062	0	0	1172.0	897.0

2019-03-06-16-53-21-631	13063	0	1	1172.0	897.0

2019-03-06-16-53-22-082	13064	0	0	1605.0	602.0

2019-03-06-16-53-22-217	13065	0	1	1610.0	614.0

2019-03-06-16-53-22-675	13066	0	0	235.0	372.0

2019-03-06-16-53-22-935	13067	0	1	230.0	404.0

2019-03-06-16-53-23-731	13068	0	0	1070.0	115.0

2019-03-06-16-53-23-876	13069	0	1	1070.0	115.0

2019-03-06-16-53-24-829	13070	0	0	1225.0	692.0

2019-03-06-16-53-24-967	13071	0	1	1225.0	692.0

2019-03-06-16-53-26-360	13072	0	0	546.0	222.0

2019-03-06-16-53-26-430	13073	0	1	546.0	222.0

2019-03-06-16-53-27-616	13074	0	0	1489.0	163.0

2019-03-06-16-53-27-696	13075	0	1	1489.0	163.0

2019-03-06-16-53-28-330	13076	0	0	959.0	203.0

2019-03-06-16-53-28-402	13077	0	1	959.0	203.0

2019-03-06-16-53-28-781	13078	0	0	1187.0	917.0

2019-03-06-16-53-28-856	13079	0	1	1187.0	917.0

2019-03-06-16-53-29-254	13080	0	0	1482.0	160.0

2019-03-06-16-53-29-326	13081	0	1	1482.0	160.0

2019-03-06-16-53-30-148	13082	0	0	434.0	522.0

2019-03-06-16-53-30-222	13083	0	1	434.0	522.0

2019-03-06-16-53-30-686	13084	0	0	460.0	419.0

2019-03-06-16-53-30-758	13085	0	1	460.0	419.0

2019-03-06-16-53-31-073	13086	0	0	1224.0	934.0

2019-03-06-16-53-31-147	13087	0	1	1224.0	934.0

2019-03-06-16-53-31-527	13088	0	0	1391.0	441.0

2019-03-06-16-53-31-662	13089	0	1	1391.0	441.0

2019-03-06-16-53-32-419	13090	0	0	1224.0	227.0

2019-03-06-16-53-32-552	13091	0	1	1234.0	227.0

2019-03-06-16-53-32-941	13092	0	0	387.0	457.0

2019-03-06-16-53-33-083	13093	0	1	387.0	457.0

2019-03-06-16-53-33-591	13094	0	0	871.0	188.0

2019-03-06-16-53-33-662	13095	0	1	871.0	188.0

2019-03-06-16-53-34-063	13096	0	0	1095.0	895.0

2019-03-06-16-53-34-202	13097	0	1	1095.0	895.0

2019-03-06-16-53-35-171	13098	0	0	1585.0	678.0

2019-03-06-16-53-35-248	13099	0	1	1585.0	698.0

2019-03-06-16-53-36-485	13100	0	0	516.0	264.0

2019-03-06-16-53-36-786	13101	0	1	516.0	257.0

2019-03-06-16-53-37-334	13102	0	0	526.0	199.0

2019-03-06-16-53-37-468	13103	0	1	526.0	199.0

2019-03-06-16-53-37-816	13104	0	0	1232.0	953.0

2019-03-06-16-53-37-887	13105	0	1	1232.0	953.0

2019-03-06-16-53-38-535	13106	0	0	1202.0	685.0

2019-03-06-16-53-38-670	13107	0	1	1225.0	650.0

2019-03-06-16-53-39-797	13108	0	0	1278.0	115.0

2019-03-06-16-53-39-938	13109	0	1	1278.0	115.0

2019-03-06-16-53-40-582	13110	0	0	961.0	205.0

2019-03-06-16-53-40-842	13111	0	1	928.0	200.0

2019-03-06-16-53-41-053	13112	0	0	881.0	166.0

2019-03-06-16-53-41-192	13113	0	1	881.0	166.0

2019-03-06-16-53-41-516	13114	0	0	1183.0	883.0

2019-03-06-16-53-41-605	13115	0	1	1183.0	883.0

2019-03-06-16-53-42-049	13116	0	0	1472.0	93.0

2019-03-06-16-53-42-184	13117	0	1	1472.0	93.0

2019-03-06-16-53-42-570	13118	0	0	1214.0	896.0

2019-03-06-16-53-42-645	13119	0	1	1214.0	896.0

2019-03-06-16-53-43-268	13120	0	0	798.0	527.0

2019-03-06-16-53-43-400	13121	0	1	798.0	527.0

2019-03-06-16-53-43-777	13122	0	0	776.0	402.0

2019-03-06-16-53-43-909	13123	0	1	776.0	402.0

2019-03-06-16-53-44-301	13124	0	0	1442.0	203.0

2019-03-06-16-53-44-434	13125	0	1	1442.0	203.0

2019-03-06-16-53-44-866	13126	0	0	1386.0	674.0

2019-03-06-16-53-45-068	13127	0	1	1386.0	674.0

2019-03-06-16-53-45-453	13128	0	0	598.0	477.0

2019-03-06-16-53-45-585	13129	0	1	598.0	477.0

2019-03-06-16-53-46-093	13130	0	0	619.0	430.0

2019-03-06-16-53-46-291	13131	0	1	612.0	436.0

2019-03-06-16-53-46-487	13132	0	0	1214.0	900.0

2019-03-06-16-53-46-560	13133	0	1	1214.0	900.0

2019-03-06-16-53-46-887	13134	0	0	905.0	145.0

2019-03-06-16-53-47-082	13135	0	1	905.0	145.0

2019-03-06-16-53-47-479	13136	0	0	1213.0	379.0

2019-03-06-16-53-47-686	13137	0	1	1204.0	390.0

2019-03-06-16-53-48-074	13138	0	0	1462.0	189.0

2019-03-06-16-53-48-343	13139	0	1	1469.0	171.0

2019-03-06-16-53-48-927	13140	0	0	435.0	442.0

2019-03-06-16-53-49-236	13141	0	1	400.0	481.0

2019-03-06-16-53-49-561	13142	0	0	1216.0	928.0

2019-03-06-16-53-49-701	13143	0	1	1216.0	928.0

2019-03-06-16-53-50-087	13144	0	0	741.0	182.0

2019-03-06-16-53-50-284	13145	0	1	725.0	183.0

2019-03-06-16-53-50-680	13146	0	0	554.0	154.0

2019-03-06-16-53-50-829	13147	0	1	540.73425	191.53148

2019-03-06-16-53-51-355	13148	0	0	249.0	481.0

2019-03-06-16-53-51-552	13149	0	1	232.0	501.0

2019-03-06-16-53-51-930	13150	0	0	233.0	410.0

2019-03-06-16-53-52-124	13151	0	1	221.0	419.0

2019-03-06-16-53-52-383	13152	0	0	408.0	425.0

2019-03-06-16-53-52-522	13153	0	1	408.0	425.0

2019-03-06-16-53-52-666	13154	0	0	496.0	622.0

2019-03-06-16-53-52-804	13155	0	1	496.0	622.0

2019-03-06-16-53-53-128	13156	0	0	215.0	448.0

2019-03-06-16-53-53-261	13157	0	1	215.0	448.0

2019-03-06-16-53-54-020	13158	0	0	1767.0	357.0

2019-03-06-16-53-54-287	13159	0	1	1803.0	370.0

2019-03-06-16-53-54-479	13160	0	0	1762.0	371.0

2019-03-06-16-53-54-675	13161	0	1	1755.0	399.0

2019-03-06-16-53-55-167	13162	0	0	1022.0	181.0

2019-03-06-16-53-55-373	13163	0	1	1018.7442	173.61629

2019-03-06-16-53-55-758	13164	0	0	1280.0	891.0

2019-03-06-16-53-55-895	13165	0	1	1280.0	891.0

2019-03-06-16-53-56-213	13166	0	0	1193.0	413.0

2019-03-06-16-53-56-349	13167	0	1	1193.0	413.0

2019-03-06-16-53-56-871	13168	0	0	155.0	502.0

2019-03-06-16-53-57-205	13169	0	1	150.0	489.7809

2019-03-06-16-53-57-399	13170	0	0	280.0	434.0

2019-03-06-16-53-57-538	13171	0	1	280.0	434.0

2019-03-06-16-53-58-224	13172	0	0	725.0	166.0

2019-03-06-16-53-58-412	13173	0	1	705.9905	202.0095

2019-03-06-16-53-58-800	13174	0	0	621.0	462.0

2019-03-06-16-53-59-122	13175	0	1	593.0	465.0

2019-03-06-16-53-59-494	13176	0	0	1171.0	857.0

2019-03-06-16-53-59-629	13177	0	1	1171.0	857.0

2019-03-06-16-54-00-970	13178	0	0	920.0	177.0

2019-03-06-16-54-01-217	13179	0	1	915.0	173.0

2019-03-06-16-54-01-546	13180	0	0	1184.0	478.0

2019-03-06-16-54-01-621	13181	0	1	1184.0	478.0

2019-03-06-16-54-01-894	13182	0	0	1486.0	145.0

2019-03-06-16-54-02-032	13183	0	1	1488.0	155.0

2019-03-06-16-54-02-564	13184	0	0	411.0	440.0

2019-03-06-16-54-02-897	13185	0	1	388.0	432.0

2019-03-06-16-54-03-046	13186	0	0	1210.0	879.0

2019-03-06-16-54-03-126	13187	0	1	1210.0	879.0

2019-03-06-16-54-03-540	13188	0	0	1456.0	162.0

2019-03-06-16-54-03-615	13189	0	1	1456.0	162.0

2019-03-06-16-54-03-816	13190	0	0	468.0	442.0

2019-03-06-16-54-04-024	13191	0	1	463.0	447.0

2019-03-06-16-54-04-110	13192	0	0	1225.0	872.0

2019-03-06-16-54-04-186	13193	0	1	1225.0	872.0

2019-03-06-16-54-04-404	13194	0	0	528.0	206.0

2019-03-06-16-54-04-547	13195	0	1	508.0	258.0

2019-03-06-16-54-04-943	13196	0	0	229.0	457.0

2019-03-06-16-54-05-146	13197	0	1	220.0	466.0

2019-03-06-16-54-05-487	13198	0	0	475.0	505.0

2019-03-06-16-54-05-559	13199	0	1	475.0	505.0

2019-03-06-16-54-05-827	13200	0	0	543.0	258.0

2019-03-06-16-54-05-905	13201	0	1	543.0	258.0

2019-03-06-16-54-06-366	13202	0	0	707.0	182.0

2019-03-06-16-54-06-503	13203	0	1	705.0	189.0

2019-03-06-16-54-06-833	13204	0	0	501.0	220.0

2019-03-06-16-54-06-964	13205	0	1	501.0	220.0

2019-03-06-16-54-07-584	13206	0	0	735.0	208.0

2019-03-06-16-54-07-727	13207	0	1	707.0	232.0

2019-03-06-16-54-09-228	13208	0	0	1467.0	171.0

2019-03-06-16-54-09-492	13209	0	1	1483.0	143.0

2019-03-06-16-54-09-756	13210	0	0	800.0	478.0

2019-03-06-16-54-09-892	13211	0	1	800.0	478.0

2019-03-06-16-54-10-097	13212	0	0	1174.0	900.0

2019-03-06-16-54-10-168	13213	0	1	1174.0	900.0

2019-03-06-16-54-10-494	13214	0	0	1473.0	97.0

2019-03-06-16-54-10-633	13215	0	1	1473.0	126.0

2019-03-06-16-54-10-950	13216	0	0	1217.0	886.0

2019-03-06-16-54-11-094	13217	0	1	1217.0	886.0

2019-03-06-16-54-11-298	13218	0	0	813.0	743.0

2019-03-06-16-54-11-430	13219	0	1	813.0	743.0

2019-03-06-16-54-11-808	13220	0	0	733.0	678.0

2019-03-06-16-54-12-003	13221	0	1	720.0	685.0

2019-03-06-16-54-12-510	13222	0	0	1615.0	195.0

2019-03-06-16-54-12-645	13223	0	1	1615.0	195.0

2019-03-06-16-54-13-038	13224	0	0	1303.0	191.0

2019-03-06-16-54-13-174	13225	0	1	1303.0	191.0

2019-03-06-16-54-13-678	13226	0	0	1734.0	392.0

2019-03-06-16-54-13-872	13227	0	1	1743.0	419.0

2019-03-06-16-54-14-550	13228	0	0	557.0	470.0

2019-03-06-16-54-14-815	13229	0	1	558.0	482.0

2019-03-06-16-54-15-073	13230	0	0	608.0	470.0

2019-03-06-16-54-15-522	13231	0	1	601.0	489.0

2019-03-06-16-54-15-664	13232	0	0	585.0	417.0

2019-03-06-16-54-16-049	13233	0	1	585.0	415.0

2019-03-06-16-54-16-245	13234	0	0	1221.0	966.0

2019-03-06-16-54-16-375	13235	0	1	1221.0	966.0

2019-03-06-16-54-16-629	13236	0	0	1171.0	658.0

2019-03-06-16-54-16-763	13237	0	1	1171.0	658.0

2019-03-06-16-54-17-077	13238	0	0	553.0	217.0

2019-03-06-16-54-17-269	13239	0	1	546.0	219.0

2019-03-06-16-54-17-462	13240	0	0	1179.0	886.0

2019-03-06-16-54-17-593	13241	0	1	1188.0	861.0

2019-03-06-16-54-17-738	13242	0	0	596.0	488.0

2019-03-06-16-54-18-173	13243	0	1	580.0	482.0

2019-03-06-16-54-18-243	13244	0	0	590.0	446.0

2019-03-06-16-54-18-612	13245	0	1	581.0	467.0

2019-03-06-16-54-18-865	13246	0	0	1614.0	210.0

2019-03-06-16-54-19-002	13247	0	1	1614.0	210.0

2019-03-06-16-54-19-262	13248	0	0	1439.0	176.0

2019-03-06-16-54-19-455	13249	0	1	1439.0	176.0

2019-03-06-16-54-20-020	13250	0	0	1426.0	635.0

2019-03-06-16-54-20-216	13251	0	1	1423.0	640.0

2019-03-06-16-54-20-721	13252	0	0	1001.0	467.0

2019-03-06-16-54-20-849	13253	0	1	1001.0	467.0

2019-03-06-16-54-21-102	13254	0	0	1174.0	896.0

2019-03-06-16-54-21-239	13255	0	1	1174.0	896.0

2019-03-06-16-54-21-562	13256	0	0	394.0	488.0

2019-03-06-16-54-21-879	13257	0	1	364.0	492.0

2019-03-06-16-54-22-077	13258	0	0	415.0	424.0

2019-03-06-16-54-22-212	13259	0	1	415.0	424.0

2019-03-06-16-54-22-672	13260	0	0	1640.0	104.0

2019-03-06-16-54-22-801	13261	0	1	1634.0	120.0

2019-03-06-16-54-23-055	13262	0	0	1566.0	671.0

2019-03-06-16-54-23-129	13263	0	1	1566.0	671.0

2019-03-06-16-54-23-637	13264	0	0	513.0	145.0

2019-03-06-16-54-23-890	13265	0	1	513.0	152.0

2019-03-06-16-54-24-314	13266	0	0	884.0	183.0

2019-03-06-16-54-24-504	13267	0	1	884.0	183.0

2019-03-06-16-54-24-959	13268	0	0	1205.0	412.0

2019-03-06-16-54-25-156	13269	0	1	1205.0	412.0

2019-03-06-16-54-25-535	13270	0	0	1488.0	160.0

2019-03-06-16-54-25-672	13271	0	1	1490.0	168.0

2019-03-06-16-54-25-938	13272	0	0	1452.0	661.0

2019-03-06-16-54-26-073	13273	0	1	1452.0	661.0

2019-03-06-16-54-26-461	13274	0	0	1028.0	498.0

2019-03-06-16-54-26-534	13275	0	1	1028.0	498.0

2019-03-06-16-54-26-741	13276	0	0	1238.0	906.0

2019-03-06-16-54-26-879	13277	0	1	1238.0	906.0

2019-03-06-16-54-27-260	13278	0	0	938.0	471.0

2019-03-06-16-54-27-509	13279	0	1	943.0	466.0

2019-03-06-16-54-27-755	13280	0	0	955.0	404.0

2019-03-06-16-54-27-949	13281	0	1	955.0	404.0

2019-03-06-16-54-28-451	13282	0	0	1037.0	657.0

2019-03-06-16-54-28-520	13283	0	1	1037.0	657.0

2019-03-06-16-54-29-484	13284	0	0	753.0	242.0

2019-03-06-16-54-29-619	13285	0	1	751.0	247.0

2019-03-06-16-54-29-991	13286	0	0	589.0	190.0

2019-03-06-16-54-30-121	13287	0	1	589.0	190.0

2019-03-06-16-54-30-502	13288	0	0	541.0	203.0

2019-03-06-16-54-30-632	13289	0	1	528.0	226.0

2019-03-06-16-54-31-444	13290	0	0	241.0	419.0

2019-03-06-16-54-31-814	13291	0	1	237.0	435.0

2019-03-06-16-54-32-241	13292	0	0	889.0	156.0

2019-03-06-16-54-32-497	13293	0	1	885.79205	160.41586

2019-03-06-16-54-32-831	13294	0	0	1073.0	903.0

2019-03-06-16-54-32-969	13295	0	1	1073.0	903.0

2019-03-06-16-54-33-339	13296	0	0	1443.0	173.0

2019-03-06-16-54-33-468	13297	0	1	1443.0	173.0

2019-03-06-16-54-33-786	13298	0	0	1199.0	930.0

2019-03-06-16-54-33-917	13299	0	1	1199.0	930.0

2019-03-06-16-54-34-478	13300	0	0	628.0	447.0

2019-03-06-16-54-34-862	13301	0	1	615.0	466.0

2019-03-06-16-54-35-116	13302	0	0	1598.0	147.0

2019-03-06-16-54-35-306	13303	0	1	1645.0	152.0

2019-03-06-16-54-36-006	13304	0	0	1415.0	657.0

2019-03-06-16-54-36-138	13305	0	1	1415.0	657.0

2019-03-06-16-54-37-018	13306	0	0	898.0	238.0

2019-03-06-16-54-37-222	13307	0	1	898.0	238.0

2019-03-06-16-54-37-550	13308	0	0	1207.0	974.0

2019-03-06-16-54-37-747	13309	0	1	1207.0	970.0

2019-03-06-16-54-37-940	13310	0	0	839.0	171.0

2019-03-06-16-54-38-195	13311	0	1	819.5159	177.25798

2019-03-06-16-54-38-443	13312	0	0	1223.0	915.0

2019-03-06-16-54-38-518	13313	0	1	1223.0	915.0

2019-03-06-16-54-38-905	13314	0	0	1605.0	353.0

2019-03-06-16-54-39-163	13315	0	1	1597.0	366.0

2019-03-06-16-54-39-489	13316	0	0	1403.0	686.0

2019-03-06-16-54-39-630	13317	0	1	1408.0	679.0

2019-03-06-16-54-40-129	13318	0	0	1677.0	149.0

2019-03-06-16-54-40-260	13319	0	1	1677.0	149.0

2019-03-06-16-54-40-965	13320	0	0	291.0	187.0

2019-03-06-16-54-41-284	13321	0	1	291.0	187.0

2019-03-06-16-54-41-544	13322	0	0	1221.0	969.0

2019-03-06-16-54-41-684	13323	0	1	1225.0	946.0

2019-03-06-16-54-42-180	13324	0	0	1205.0	436.0

2019-03-06-16-54-42-315	13325	0	1	1205.0	436.0

2019-03-06-16-54-42-835	13326	0	0	1676.0	180.0

2019-03-06-16-54-43-021	13327	0	1	1674.0	184.0

2019-03-06-16-54-43-285	13328	0	0	252.0	193.0

2019-03-06-16-54-43-606	13329	0	1	256.0	212.0

2019-03-06-16-54-43-830	13330	0	0	1258.0	876.0

2019-03-06-16-54-43-960	13331	0	1	1258.0	876.0

2019-03-06-16-54-44-335	13332	0	0	885.0	166.0

2019-03-06-16-54-44-543	13333	0	1	886.0	174.0

2019-03-06-16-54-44-814	13334	0	0	1595.0	224.0

2019-03-06-16-54-44-962	13335	0	1	1595.0	224.0

2019-03-06-16-54-45-292	13336	0	0	1257.0	888.0

2019-03-06-16-54-45-436	13337	0	1	1257.0	888.0

2019-03-06-16-54-45-635	13338	0	0	903.0	218.0

2019-03-06-16-54-45-831	13339	0	1	901.0	218.0

2019-03-06-16-54-46-173	13340	0	0	1123.0	218.0

2019-03-06-16-54-46-368	13341	0	1	1123.0	218.0

2019-03-06-16-54-46-929	13342	0	0	1863.0	173.0

2019-03-06-16-54-47-001	13343	0	1	1863.0	173.0

2019-03-06-16-54-47-763	13344	0	0	490.0	203.0

2019-03-06-16-54-47-961	13345	0	1	482.0	211.0

2019-03-06-16-54-48-288	13346	0	0	1151.0	898.0

2019-03-06-16-54-48-422	13347	0	1	1151.0	898.0

2019-03-06-16-54-48-914	13348	0	0	1794.0	384.0

2019-03-06-16-54-49-113	13349	0	1	1794.0	384.0

2019-03-06-16-54-49-555	13350	0	0	1433.0	219.0

2019-03-06-16-54-49-756	13351	0	1	1455.0	214.0

2019-03-06-16-54-50-132	13352	0	0	1584.0	478.0

2019-03-06-16-54-50-262	13353	0	1	1584.0	478.0

2019-03-06-16-54-50-715	13354	0	0	1572.0	382.0

2019-03-06-16-54-50-858	13355	0	1	1572.0	382.0

2019-03-06-16-54-51-249	13356	0	0	448.0	172.0

2019-03-06-16-54-51-507	13357	0	1	457.0	178.0

2019-03-06-16-54-51-830	13358	0	0	1213.0	911.0

2019-03-06-16-54-51-966	13359	0	1	1213.0	911.0

2019-03-06-16-54-53-043	13360	0	0	869.0	179.0

2019-03-06-16-54-53-304	13361	0	1	869.0	179.0

2019-03-06-16-54-53-756	13362	0	0	1222.0	396.0

2019-03-06-16-54-53-833	13363	0	1	1222.0	396.0

2019-03-06-16-54-54-704	13364	0	0	198.0	503.0

2019-03-06-16-54-54-962	13365	0	1	183.0	502.0

2019-03-06-16-54-55-219	13366	0	0	188.0	445.0

2019-03-06-16-54-55-351	13367	0	1	188.0	445.0

2019-03-06-16-54-55-905	13368	0	0	923.0	194.0

2019-03-06-16-54-56-041	13369	0	1	923.0	194.0

2019-03-06-16-54-56-431	13370	0	0	1147.0	912.0

2019-03-06-16-54-56-506	13371	0	1	1147.0	912.0

2019-03-06-16-54-56-998	13372	0	0	1455.0	192.0

2019-03-06-16-54-57-133	13373	0	1	1455.0	192.0

2019-03-06-16-54-57-403	13374	0	0	896.0	207.0

2019-03-06-16-54-57-470	13375	0	1	896.0	207.0

2019-03-06-16-54-57-541	13376	0	0	1147.0	894.0

2019-03-06-16-54-57-616	13377	0	1	1147.0	894.0

2019-03-06-16-54-57-808	13378	0	0	1459.0	180.0

2019-03-06-16-54-57-940	13379	0	1	1459.0	180.0

2019-03-06-16-54-58-622	13380	0	0	386.0	413.0

2019-03-06-16-54-58-874	13381	0	1	377.87286	422.12714

2019-03-06-16-54-59-065	13382	0	0	1183.0	937.0

2019-03-06-16-54-59-196	13383	0	1	1183.0	937.0

2019-03-06-16-54-59-635	13384	0	0	235.0	427.0

2019-03-06-16-54-59-941	13385	0	1	210.0	466.0

2019-03-06-16-55-00-570	13386	0	0	774.0	705.0

2019-03-06-16-55-00-825	13387	0	1	773.0	704.0

2019-03-06-16-55-01-149	13388	0	0	758.0	655.0

2019-03-06-16-55-01-468	13389	0	1	742.0	666.0

2019-03-06-16-55-02-227	13390	0	0	863.0	222.0

2019-03-06-16-55-02-363	13391	0	1	860.0	224.0

2019-03-06-16-55-02-859	13392	0	0	1283.0	227.0

2019-03-06-16-55-02-937	13393	0	1	1283.0	227.0

2019-03-06-16-55-03-725	13394	0	0	197.0	492.0

2019-03-06-16-55-04-228	13395	0	1	212.0	501.0

2019-03-06-16-55-04-356	13396	0	0	235.0	435.0

2019-03-06-16-55-04-603	13397	0	1	235.0	435.0

2019-03-06-16-55-05-110	13398	0	0	1815.0	451.0

2019-03-06-16-55-05-248	13399	0	1	1815.0	451.0

2019-03-06-16-55-05-378	13400	0	0	1760.0	473.0

2019-03-06-16-55-05-451	13401	0	1	1760.0	473.0

2019-03-06-16-55-06-019	13402	0	0	216.0	425.0

2019-03-06-16-55-06-392	13403	0	1	212.0	439.0

2019-03-06-16-55-06-588	13404	0	0	180.0	378.0

2019-03-06-16-55-07-027	13405	0	1	166.0	394.0

2019-03-06-16-55-07-338	13406	0	0	148.0	326.0

2019-03-06-16-55-07-831	13407	0	1	142.95212	340.0

2019-03-06-16-55-08-021	13408	0	0	95.0	227.0

2019-03-06-16-55-08-528	13409	0	1	90.0	236.88608

2019-03-06-16-55-08-899	13410	0	0	195.0	387.0

2019-03-06-16-55-09-214	13411	0	1	185.0	411.0

2019-03-06-16-55-09-596	13412	0	0	188.0	390.0

2019-03-06-16-55-10-878	13413	0	1	188.0	425.0

2019-03-06-16-55-11-802	13414	0	0	871.0	294.0

2019-03-06-16-55-11-935	13415	0	1	871.0	294.0

2019-03-06-16-55-12-246	13416	0	0	1214.0	211.0

2019-03-06-16-55-12-441	13417	0	1	1209.0	215.0

2019-03-06-16-55-12-869	13418	0	0	1809.0	428.0

2019-03-06-16-55-12-942	13419	0	1	1809.0	428.0

2019-03-06-16-55-13-338	13420	0	0	1779.0	470.0

2019-03-06-16-55-13-412	13421	0	1	1779.0	470.0

2019-03-06-16-55-13-850	13422	0	0	1103.0	213.0

2019-03-06-16-55-13-920	13423	0	1	1103.0	213.0

2019-03-06-16-55-14-060	13424	0	0	1278.0	927.0

2019-03-06-16-55-14-137	13425	0	1	1278.0	927.0

2019-03-06-16-55-14-590	13426	0	0	1192.0	395.0

2019-03-06-16-55-14-727	13427	0	1	1192.0	395.0

2019-03-06-16-55-15-597	13428	0	0	245.0	496.0

2019-03-06-16-55-15-792	13429	0	1	211.0	506.0

2019-03-06-16-55-16-106	13430	0	0	176.0	473.0

2019-03-06-16-55-16-305	13431	0	1	148.0	482.0

2019-03-06-16-55-16-625	13432	0	0	182.0	461.0

2019-03-06-16-55-16-755	13433	0	1	182.0	461.0

2019-03-06-16-55-17-304	13434	0	0	589.0	243.0

2019-03-06-16-55-17-505	13435	0	1	594.0	234.0

2019-03-06-16-55-17-764	13436	0	0	692.0	221.0

2019-03-06-16-55-17-894	13437	0	1	682.0	234.0

2019-03-06-16-55-18-209	13438	0	0	591.0	502.0

2019-03-06-16-55-18-280	13439	0	1	591.0	502.0

2019-03-06-16-55-18-598	13440	0	0	452.0	700.0

2019-03-06-16-55-18-732	13441	0	1	417.0	723.0

2019-03-06-16-55-18-982	13442	0	0	539.0	454.0

2019-03-06-16-55-19-111	13443	0	1	539.0	454.0

2019-03-06-16-55-19-544	13444	0	0	437.0	706.0

2019-03-06-16-55-19-678	13445	0	1	434.0	728.0

2019-03-06-16-55-20-059	13446	0	0	357.0	709.0

2019-03-06-16-55-20-130	13447	0	1	357.0	709.0

2019-03-06-16-55-20-562	13448	0	0	448.0	661.0

2019-03-06-16-55-20-697	13449	0	1	407.0	671.0

2019-03-06-16-55-21-695	13450	0	0	876.0	154.0

2019-03-06-16-55-21-826	13451	0	1	876.0	154.0

2019-03-06-16-55-22-405	13452	0	0	1666.0	79.0

2019-03-06-16-55-22-489	13453	0	1	1666.0	79.0

2019-03-06-16-55-23-106	13454	0	0	1240.0	944.0

2019-03-06-16-55-23-185	13455	0	1	1240.0	944.0

2019-03-06-16-55-23-774	13456	0	0	551.0	463.0

2019-03-06-16-55-24-037	13457	0	1	556.0	462.0

2019-03-06-16-55-24-480	13458	0	0	1648.0	130.0

2019-03-06-16-55-24-613	13459	0	1	1648.0	130.0

2019-03-06-16-55-25-053	13460	0	0	1266.0	862.0

2019-03-06-16-55-25-122	13461	0	1	1266.0	862.0

2019-03-06-16-55-25-506	13462	0	0	894.0	171.0

2019-03-06-16-55-25-652	13463	0	1	894.0	171.0

2019-03-06-16-55-26-041	13464	0	0	1176.0	413.0

2019-03-06-16-55-26-180	13465	0	1	1176.0	413.0

2019-03-06-16-55-26-687	13466	0	0	1484.0	237.0

2019-03-06-16-55-26-758	13467	0	1	1484.0	237.0

2019-03-06-16-55-27-817	13468	0	0	1472.0	201.0

2019-03-06-16-55-27-955	13469	0	1	1467.0	191.0

2019-03-06-16-55-28-779	13470	0	0	416.0	505.0

2019-03-06-16-55-28-973	13471	0	1	409.0	502.0

2019-03-06-16-55-29-284	13472	0	0	412.0	437.0

2019-03-06-16-55-29-354	13473	0	1	412.0	437.0

2019-03-06-16-55-29-659	13474	0	0	1245.0	950.0

2019-03-06-16-55-29-790	13475	0	1	1245.0	950.0

2019-03-06-16-55-30-162	13476	0	0	223.0	442.0

2019-03-06-16-55-30-349	13477	0	1	217.0	443.0

2019-03-06-16-55-30-966	13478	0	0	1009.0	420.0

2019-03-06-16-55-31-042	13479	0	1	1009.0	420.0

2019-03-06-16-55-31-417	13480	0	0	204.0	468.0

2019-03-06-16-55-31-556	13481	0	1	204.0	468.0

2019-03-06-16-55-32-086	13482	0	0	1422.0	182.0

2019-03-06-16-55-32-277	13483	0	1	1461.0	165.0

2019-03-06-16-55-32-909	13484	0	0	1411.0	696.0

2019-03-06-16-55-32-982	13485	0	1	1411.0	696.0

2019-03-06-16-55-33-508	13486	0	0	1259.0	903.0

2019-03-06-16-55-33-580	13487	0	1	1259.0	903.0

2019-03-06-16-55-34-920	13488	0	0	1796.0	365.0

2019-03-06-16-55-35-117	13489	0	1	1785.0	382.0

2019-03-06-16-55-36-016	13490	0	0	475.0	194.0

2019-03-06-16-55-36-217	13491	0	1	467.0	190.0

2019-03-06-16-55-36-759	13492	0	0	891.0	189.0

2019-03-06-16-55-36-902	13493	0	1	891.0	189.0

2019-03-06-16-55-37-812	13494	0	0	426.0	504.0

2019-03-06-16-55-38-141	13495	0	1	426.0	501.0

2019-03-06-16-55-38-406	13496	0	0	417.0	436.0

2019-03-06-16-55-38-564	13497	0	1	417.0	436.0

2019-03-06-16-55-39-279	13498	0	0	936.0	155.0

2019-03-06-16-55-39-492	13499	0	1	936.0	155.0

2019-03-06-16-55-39-754	13500	0	0	619.0	148.0

2019-03-06-16-55-39-888	13501	0	1	619.0	148.0

2019-03-06-16-55-40-084	13502	0	0	1055.0	170.0

2019-03-06-16-55-40-162	13503	0	1	1055.0	170.0

2019-03-06-16-55-40-492	13504	0	0	1170.0	899.0

2019-03-06-16-55-40-629	13505	0	1	1170.0	899.0

2019-03-06-16-55-40-912	13506	0	0	925.0	119.0

2019-03-06-16-55-41-121	13507	0	1	924.0	119.0

2019-03-06-16-55-41-448	13508	0	0	1675.0	155.0

2019-03-06-16-55-41-592	13509	0	1	1675.0	155.0

2019-03-06-16-55-41-939	13510	0	0	1278.0	879.0

2019-03-06-16-55-42-013	13511	0	1	1278.0	879.0

2019-03-06-16-55-42-359	13512	0	0	881.0	205.0

2019-03-06-16-55-42-496	13513	0	1	881.0	205.0

2019-03-06-16-55-42-951	13514	0	0	1092.0	190.0

2019-03-06-16-55-43-085	13515	0	1	1092.0	190.0

2019-03-06-16-55-44-076	13516	0	0	1287.0	248.0

2019-03-06-16-55-44-222	13517	0	1	1287.0	248.0

2019-03-06-16-55-44-757	13518	0	0	1268.0	176.0

2019-03-06-16-55-44-968	13519	0	1	1275.0	179.0

2019-03-06-16-55-45-161	13520	0	0	1489.0	149.0

2019-03-06-16-55-45-364	13521	0	1	1477.0	160.0

2019-03-06-16-55-45-889	13522	0	0	1404.0	433.0

2019-03-06-16-55-45-966	13523	0	1	1404.0	433.0

2019-03-06-16-55-46-440	13524	0	0	1234.0	456.0

2019-03-06-16-55-46-585	13525	0	1	1234.0	456.0

2019-03-06-16-55-46-980	13526	0	0	1005.0	519.0

2019-03-06-16-55-47-114	13527	0	1	1005.0	519.0

2019-03-06-16-55-47-370	13528	0	0	795.0	481.0

2019-03-06-16-55-47-559	13529	0	1	763.44086	494.07986

2019-03-06-16-55-47-886	13530	0	0	911.0	380.0

2019-03-06-16-55-48-179	13531	0	1	911.0	380.0

2019-03-06-16-55-48-451	13532	0	0	1228.0	500.0

2019-03-06-16-55-48-533	13533	0	1	1228.0	500.0

2019-03-06-16-55-49-009	13534	0	0	980.0	423.0

2019-03-06-16-55-49-218	13535	0	1	979.0	423.0

2019-03-06-16-55-49-627	13536	0	0	1486.0	227.0

2019-03-06-16-55-49-783	13537	0	1	1486.0	227.0

2019-03-06-16-55-50-266	13538	0	0	826.0	199.0

2019-03-06-16-55-50-407	13539	0	1	836.27435	205.16463

2019-03-06-16-55-50-687	13540	0	0	1767.0	453.0

2019-03-06-16-55-50-825	13541	0	1	1767.0	453.0

2019-03-06-16-55-51-085	13542	0	0	1252.0	960.0

2019-03-06-16-55-51-234	13543	0	1	1259.0	931.0

2019-03-06-16-55-51-725	13544	0	0	1481.0	119.0

2019-03-06-16-55-51-799	13545	0	1	1481.0	119.0

2019-03-06-16-55-52-200	13546	0	0	1235.0	843.0

2019-03-06-16-55-52-350	13547	0	1	1235.0	843.0

2019-03-06-16-55-52-708	13548	0	0	1820.0	335.0

2019-03-06-16-55-52-987	13549	0	1	1794.9999	341.0

2019-03-06-16-55-53-262	13550	0	0	1638.0	198.0

2019-03-06-16-55-53-344	13551	0	1	1638.0	198.0

2019-03-06-16-55-54-230	13552	0	0	1068.0	614.0

2019-03-06-16-55-54-311	13553	0	1	1068.0	614.0

2019-03-06-16-55-54-815	13554	0	0	670.0	233.0

2019-03-06-16-55-54-959	13555	0	1	670.0	233.0

2019-03-06-16-55-55-039	13556	0	0	1195.0	898.0

2019-03-06-16-55-55-121	13557	0	1	1195.0	898.0

2019-03-06-16-55-56-725	13558	0	0	1016.0	704.0

2019-03-06-16-55-56-930	13559	0	1	1016.0	717.27185

2019-03-06-16-55-57-329	13560	0	0	1053.0	607.0

2019-03-06-16-55-57-475	13561	0	1	1053.0	607.0

2019-03-06-16-55-58-195	13562	0	0	695.0	216.0

2019-03-06-16-55-58-394	13563	0	1	667.0	226.0

2019-03-06-16-55-58-591	13564	0	0	523.0	234.0

2019-03-06-16-55-58-786	13565	0	1	523.0	234.0

2019-03-06-16-55-59-183	13566	0	0	1250.0	947.0

2019-03-06-16-55-59-325	13567	0	1	1250.0	947.0

2019-03-06-16-55-59-853	13568	0	0	1779.0	344.0

2019-03-06-16-56-00-126	13569	0	1	1773.0	385.0

2019-03-06-16-56-00-575	13570	0	0	1659.0	95.0

2019-03-06-16-56-00-706	13571	0	1	1659.0	95.0

2019-03-06-16-56-01-618	13572	0	0	1055.0	641.0

2019-03-06-16-56-02-009	13573	0	1	1057.0	641.0

2019-03-06-16-56-02-570	13574	0	0	491.0	170.0

2019-03-06-16-56-02-903	13575	0	1	491.0	170.0

2019-03-06-16-56-03-218	13576	0	0	1229.0	935.0

2019-03-06-16-56-03-293	13577	0	1	1229.0	935.0

2019-03-06-16-56-03-801	13578	0	0	1094.0	144.0

2019-03-06-16-56-04-063	13579	0	1	1086.0	156.0

2019-03-06-16-56-04-393	13580	0	0	1674.0	221.0

2019-03-06-16-56-04-539	13581	0	1	1674.0	221.0

2019-03-06-16-56-04-987	13582	0	0	1274.0	200.0

2019-03-06-16-56-05-122	13583	0	1	1274.0	200.0

2019-03-06-16-56-05-443	13584	0	0	1186.0	903.0

2019-03-06-16-56-05-571	13585	0	1	1186.0	903.0

2019-03-06-16-56-05-959	13586	0	0	917.0	216.0

2019-03-06-16-56-06-101	13587	0	1	917.0	216.0

2019-03-06-16-56-06-357	13588	0	0	1221.0	445.0

2019-03-06-16-56-06-551	13589	0	1	1221.0	445.0

2019-03-06-16-56-07-125	13590	0	0	1461.0	166.0

2019-03-06-16-56-07-323	13591	0	1	1461.0	166.0

2019-03-06-16-56-08-003	13592	0	0	409.0	463.0

2019-03-06-16-56-08-258	13593	0	1	386.0	467.0

2019-03-06-16-56-08-454	13594	0	0	1190.0	882.0

2019-03-06-16-56-08-584	13595	0	1	1190.0	882.0

2019-03-06-16-56-08-955	13596	0	0	1506.0	150.0

2019-03-06-16-56-09-088	13597	0	1	1506.0	150.0

2019-03-06-16-56-09-220	13598	0	0	419.0	469.0

2019-03-06-16-56-09-366	13599	0	1	419.0	469.0

2019-03-06-16-56-09-501	13600	0	0	1221.0	892.0

2019-03-06-16-56-09-634	13601	0	1	1221.0	892.0

2019-03-06-16-56-10-078	13602	0	0	1863.0	109.0

2019-03-06-16-56-10-210	13603	0	1	1863.0	109.0

2019-03-06-16-56-10-547	13604	0	0	737.0	236.0

2019-03-06-16-56-10-682	13605	0	1	724.0	236.0

2019-03-06-16-56-10-886	13606	0	0	565.0	216.0

2019-03-06-16-56-11-084	13607	0	1	552.9858	221.0

2019-03-06-16-56-11-288	13608	0	0	679.0	154.0

2019-03-06-16-56-11-433	13609	0	1	679.0	156.0

2019-03-06-16-56-11-711	13610	0	0	536.0	168.0

2019-03-06-16-56-11-847	13611	0	1	536.0	168.0

2019-03-06-16-56-12-184	13612	0	0	839.0	104.0

2019-03-06-16-56-12-323	13613	0	1	839.0	104.0

2019-03-06-16-56-12-468	13614	0	0	845.0	120.0

2019-03-06-16-56-12-545	13615	0	1	845.0	120.0

2019-03-06-16-56-12-819	13616	0	0	1060.0	119.0

2019-03-06-16-56-12-894	13617	0	1	1060.0	119.0

2019-03-06-16-56-13-339	13618	0	0	1245.0	950.0

2019-03-06-16-56-13-479	13619	0	1	1245.0	950.0

2019-03-06-16-56-13-863	13620	0	0	1211.0	391.0

2019-03-06-16-56-13-998	13621	0	1	1211.0	391.0

2019-03-06-16-56-14-691	13622	0	0	198.0	448.0

2019-03-06-16-56-14-882	13623	0	1	193.99686	454.0063

2019-03-06-16-56-15-389	13624	0	0	737.0	184.0

2019-03-06-16-56-15-521	13625	0	1	727.0	205.0

2019-03-06-16-56-15-847	13626	0	0	634.0	464.0

2019-03-06-16-56-15-986	13627	0	1	634.0	464.0

2019-03-06-16-56-16-123	13628	0	0	1234.0	890.0

2019-03-06-16-56-16-199	13629	0	1	1234.0	890.0

2019-03-06-16-56-16-400	13630	0	0	871.0	192.0

2019-03-06-16-56-16-531	13631	0	1	870.0	194.0

2019-03-06-16-56-16-722	13632	0	0	1652.0	170.0

2019-03-06-16-56-16-796	13633	0	1	1648.0	182.0

2019-03-06-16-56-17-056	13634	0	0	1245.0	845.0

2019-03-06-16-56-17-129	13635	0	1	1245.0	845.0

2019-03-06-16-56-17-265	13636	0	0	583.0	469.0

2019-03-06-16-56-17-351	13637	0	1	583.0	469.0

2019-03-06-16-56-17-491	13638	0	0	1656.0	173.0

2019-03-06-16-56-17-567	13639	0	1	1655.0	191.0

2019-03-06-16-56-17-764	13640	0	0	1227.0	918.0

2019-03-06-16-56-17-901	13641	0	1	1227.0	918.0

2019-03-06-16-56-18-400	13642	0	0	407.0	488.0

2019-03-06-16-56-18-543	13643	0	1	407.0	488.0

2019-03-06-16-56-18-553	13644	0	0	1623.0	222.0

2019-03-06-16-56-18-628	13645	0	1	1617.0	250.0

2019-03-06-16-56-18-828	13646	0	0	1250.0	930.0

2019-03-06-16-56-18-907	13647	0	1	1250.0	922.0

2019-03-06-16-56-19-222	13648	0	0	1513.0	192.0

2019-03-06-16-56-19-354	13649	0	1	1513.0	192.0

2019-03-06-16-56-19-810	13650	0	0	1262.0	924.0

2019-03-06-16-56-19-880	13651	0	1	1262.0	924.0

2019-03-06-16-56-20-308	13652	0	0	729.0	247.0

2019-03-06-16-56-20-439	13653	0	1	729.0	247.0

2019-03-06-16-56-20-896	13654	0	0	654.0	170.0

2019-03-06-16-56-21-030	13655	0	1	654.0	170.0

2019-03-06-16-56-21-225	13656	0	0	469.0	194.0

2019-03-06-16-56-21-357	13657	0	1	469.0	194.0

2019-03-06-16-56-21-863	13658	0	0	194.0	443.0

2019-03-06-16-56-21-996	13659	0	1	194.0	443.0

2019-03-06-16-56-22-521	13660	0	0	1772.0	366.0

2019-03-06-16-56-22-594	13661	0	1	1772.0	366.0

2019-03-06-16-56-22-733	13662	0	0	1837.0	333.0

2019-03-06-16-56-22-932	13663	0	1	1837.0	333.0

2019-03-06-16-56-23-436	13664	0	0	1083.0	164.0

2019-03-06-16-56-23-598	13665	0	1	1085.0	178.0

2019-03-06-16-56-23-730	13666	0	0	1188.0	926.0

2019-03-06-16-56-23-875	13667	0	1	1188.0	926.0

2019-03-06-16-56-24-321	13668	0	0	290.0	157.0

2019-03-06-16-56-24-512	13669	0	1	309.0	172.0

2019-03-06-16-56-24-830	13670	0	0	160.0	466.0

2019-03-06-16-56-24-965	13671	0	1	160.0	466.0

2019-03-06-16-56-25-549	13672	0	0	1411.0	661.0

2019-03-06-16-56-25-683	13673	0	1	1411.0	661.0

2019-03-06-16-56-26-122	13674	0	0	913.0	153.0

2019-03-06-16-56-26-251	13675	0	1	913.0	153.0

2019-03-06-16-56-26-392	13676	0	0	1227.0	897.0

2019-03-06-16-56-26-466	13677	0	1	1227.0	897.0

2019-03-06-16-56-26-600	13678	0	0	860.0	183.0

2019-03-06-16-56-26-738	13679	0	1	860.0	183.0

2019-03-06-16-56-26-942	13680	0	0	1619.0	126.0

2019-03-06-16-56-27-017	13681	0	1	1617.0	153.0

2019-03-06-16-56-27-528	13682	0	0	1245.0	939.0

2019-03-06-16-56-27-600	13683	0	1	1245.0	939.0

2019-03-06-16-56-28-042	13684	0	0	769.0	775.0

2019-03-06-16-56-28-119	13685	0	1	769.0	775.0

2019-03-06-16-56-28-512	13686	0	0	628.0	265.0

2019-03-06-16-56-28-586	13687	0	1	628.0	265.0

2019-03-06-16-56-28-854	13688	0	0	1107.0	188.0

2019-03-06-16-56-28-986	13689	0	1	1107.0	188.0

2019-03-06-16-56-29-308	13690	0	0	1195.0	963.0

2019-03-06-16-56-29-443	13691	0	1	1195.0	963.0

2019-03-06-16-56-30-116	13692	0	0	852.0	243.0

2019-03-06-16-56-30-245	13693	0	1	852.0	243.0

2019-03-06-16-56-30-625	13694	0	0	828.0	167.0

2019-03-06-16-56-30-757	13695	0	1	827.0	154.0

2019-03-06-16-56-30-901	13696	0	0	1217.0	442.0

2019-03-06-16-56-31-095	13697	0	1	1227.0	431.0

2019-03-06-16-56-31-600	13698	0	0	1521.0	179.0

2019-03-06-16-56-31-730	13699	0	1	1535.0	185.0

2019-03-06-16-56-32-382	13700	0	0	417.0	441.0

2019-03-06-16-56-32-512	13701	0	1	400.0	446.0

2019-03-06-16-56-32-842	13702	0	0	1160.0	953.0

2019-03-06-16-56-32-918	13703	0	1	1160.0	953.0

2019-03-06-16-56-33-428	13704	0	0	1442.0	162.0

2019-03-06-16-56-33-564	13705	0	1	1442.0	162.0

2019-03-06-16-56-33-825	13706	0	0	392.0	451.0

2019-03-06-16-56-34-013	13707	0	1	392.0	451.0

2019-03-06-16-56-34-148	13708	0	0	1220.0	877.0

2019-03-06-16-56-34-287	13709	0	1	1220.0	877.0

2019-03-06-16-56-34-726	13710	0	0	910.0	196.0

2019-03-06-16-56-34-796	13711	0	1	910.0	196.0

2019-03-06-16-56-34-995	13712	0	0	1184.0	356.0

2019-03-06-16-56-35-066	13713	0	1	1184.0	356.0

2019-03-06-16-56-35-326	13714	0	0	621.0	171.0

2019-03-06-16-56-35-467	13715	0	1	619.0	186.2985

2019-03-06-16-56-35-660	13716	0	0	1165.0	847.0

2019-03-06-16-56-35-794	13717	0	1	1165.0	847.0

2019-03-06-16-56-36-229	13718	0	0	324.0	205.0

2019-03-06-16-56-36-367	13719	0	1	324.0	205.0

2019-03-06-16-56-36-811	13720	0	0	1664.0	149.0

2019-03-06-16-56-37-014	13721	0	1	1664.0	149.0

2019-03-06-16-56-37-593	13722	0	0	685.0	159.0

2019-03-06-16-56-37-729	13723	0	1	685.0	159.0

2019-03-06-16-56-38-249	13724	0	0	429.0	500.0

2019-03-06-16-56-38-584	13725	0	1	388.9231	500.84616

2019-03-06-16-56-38-729	13726	0	0	381.0	428.0

2019-03-06-16-56-38-872	13727	0	1	381.0	428.0

2019-03-06-16-56-39-491	13728	0	0	860.0	111.0

2019-03-06-16-56-39-623	13729	0	1	877.0	105.0

2019-03-06-16-56-40-019	13730	0	0	1224.0	894.0

2019-03-06-16-56-40-216	13731	0	1	1224.0	894.0

2019-03-06-16-56-40-489	13732	0	0	858.0	185.0

2019-03-06-16-56-40-629	13733	0	1	849.0	180.0

2019-03-06-16-56-40-943	13734	0	0	1188.0	430.0

2019-03-06-16-56-41-075	13735	0	1	1188.0	430.0

2019-03-06-16-56-41-326	13736	0	0	1501.0	122.0

2019-03-06-16-56-41-521	13737	0	1	1505.0	140.0

2019-03-06-16-56-42-008	13738	0	0	1431.0	660.0

2019-03-06-16-56-42-088	13739	0	1	1431.0	660.0

2019-03-06-16-56-42-477	13740	0	0	929.0	446.0

2019-03-06-16-56-42-673	13741	0	1	916.0	418.0

2019-03-06-16-56-42-920	13742	0	0	1275.0	895.0

2019-03-06-16-56-42-990	13743	0	1	1275.0	895.0

2019-03-06-16-56-43-441	13744	0	0	1866.0	155.0

2019-03-06-16-56-43-576	13745	0	1	1881.0	141.0

2019-03-06-16-56-43-900	13746	0	0	1648.0	166.0

2019-03-06-16-56-44-100	13747	0	1	1648.0	166.0

2019-03-06-16-56-44-793	13748	0	0	407.0	415.0

2019-03-06-16-56-44-928	13749	0	1	395.0	429.0

2019-03-06-16-56-45-128	13750	0	0	392.0	438.0

2019-03-06-16-56-45-263	13751	0	1	392.0	438.0

2019-03-06-16-56-45-546	13752	0	0	1504.0	175.0

2019-03-06-16-56-45-619	13753	0	1	1504.0	175.0

2019-03-06-16-56-46-169	13754	0	0	1261.0	696.0

2019-03-06-16-56-46-244	13755	0	1	1261.0	696.0

2019-03-06-16-56-46-762	13756	0	0	1226.0	604.0

2019-03-06-16-56-46-958	13757	0	1	1226.0	604.0

2019-03-06-16-56-47-450	13758	0	0	1772.0	351.0

2019-03-06-16-56-47-580	13759	0	1	1780.2263	381.07544

2019-03-06-16-56-48-141	13760	0	0	475.0	172.0

2019-03-06-16-56-48-337	13761	0	1	475.0	172.0

2019-03-06-16-56-48-599	13762	0	0	1268.0	930.0

2019-03-06-16-56-48-740	13763	0	1	1268.0	930.0

2019-03-06-16-56-49-886	13764	0	0	1461.0	220.0

2019-03-06-16-56-49-962	13765	0	1	1461.0	220.0

2019-03-06-16-56-50-411	13766	0	0	1217.0	930.0

2019-03-06-16-56-50-556	13767	0	1	1217.0	930.0

2019-03-06-16-56-51-771	13768	0	0	215.0	415.0

2019-03-06-16-56-52-094	13769	0	1	207.0	433.0

2019-03-06-16-56-52-759	13770	0	0	1433.0	645.0

2019-03-06-16-56-53-020	13771	0	1	1431.0	650.0

2019-03-06-16-56-53-348	13772	0	0	1235.0	862.0

2019-03-06-16-56-53-484	13773	0	1	1235.0	862.0

2019-03-06-16-56-53-745	13774	0	0	221.0	451.0

2019-03-06-16-56-53-890	13775	0	1	221.0	451.0

2019-03-06-16-56-54-228	13776	0	0	1219.0	937.0

2019-03-06-16-56-54-305	13777	0	1	1219.0	937.0

2019-03-06-16-56-54-902	13778	0	0	757.0	426.0

2019-03-06-16-56-55-102	13779	0	1	747.0	464.0

2019-03-06-16-56-55-565	13780	0	0	183.0	488.0

2019-03-06-16-56-55-766	13781	0	1	183.0	488.0

2019-03-06-16-56-56-427	13782	0	0	1468.0	142.0

2019-03-06-16-56-56-617	13783	0	1	1468.0	142.0

2019-03-06-16-56-57-067	13784	0	0	1842.0	436.0

2019-03-06-16-56-57-264	13785	0	1	1842.0	436.0

2019-03-06-16-56-57-904	13786	0	0	1302.0	204.0

2019-03-06-16-56-58-045	13787	0	1	1302.0	204.0

2019-03-06-16-56-58-685	13788	0	0	725.0	224.0

2019-03-06-16-56-58-818	13789	0	1	725.0	224.0

2019-03-06-16-56-58-954	13790	0	0	533.0	207.0

2019-03-06-16-56-59-160	13791	0	1	529.97504	209.01662

2019-03-06-16-56-59-434	13792	0	0	1234.0	914.0

2019-03-06-16-56-59-577	13793	0	1	1234.0	914.0

2019-03-06-16-57-03-007	13794	0	0	1479.0	192.0

2019-03-06-16-57-03-220	13795	0	1	1472.0	179.0

2019-03-06-16-57-03-709	13796	0	0	1240.0	920.0

2019-03-06-16-57-03-781	13797	0	1	1240.0	920.0

2019-03-06-16-57-04-557	13798	0	0	239.0	441.0

2019-03-06-16-57-04-771	13799	0	1	202.58461	449.08307

2019-03-06-16-57-05-285	13800	0	0	1596.0	667.0

2019-03-06-16-57-05-542	13801	0	1	1600.0	659.0

2019-03-06-16-57-05-922	13802	0	0	1284.0	910.0

2019-03-06-16-57-05-993	13803	0	1	1284.0	910.0

2019-03-06-16-57-06-255	13804	0	0	426.0	437.0

2019-03-06-16-57-06-386	13805	0	1	433.0	462.0

2019-03-06-16-57-06-948	13806	0	0	1249.0	191.0

2019-03-06-16-57-07-079	13807	0	1	1249.0	191.0

2019-03-06-16-57-07-680	13808	0	0	781.0	747.0

2019-03-06-16-57-07-815	13809	0	1	781.0	747.0

2019-03-06-16-57-08-082	13810	0	0	1172.0	455.0

2019-03-06-16-57-08-221	13811	0	1	1172.0	455.0

2019-03-06-16-57-08-540	13812	0	0	1222.0	945.0

2019-03-06-16-57-08-677	13813	0	1	1222.0	945.0

2019-03-06-16-57-08-924	13814	0	0	177.0	553.0

2019-03-06-16-57-09-059	13815	0	1	177.0	553.0

2019-03-06-16-57-09-203	13816	0	0	1195.0	886.0

2019-03-06-16-57-09-335	13817	0	1	1195.0	886.0

2019-03-06-16-57-09-710	13818	0	0	1803.0	385.0

2019-03-06-16-57-09-836	13819	0	1	1803.0	385.0

2019-03-06-16-57-10-164	13820	0	0	1625.0	165.0

2019-03-06-16-57-10-302	13821	0	1	1625.0	165.0

2019-03-06-16-57-10-495	13822	0	0	424.0	441.0

2019-03-06-16-57-10-689	13823	0	1	430.05756	443.94244

2019-03-06-16-57-10-819	13824	0	0	490.0	291.0

2019-03-06-16-57-10-952	13825	0	1	490.0	291.0

2019-03-06-16-57-11-084	13826	0	0	676.0	252.0

2019-03-06-16-57-11-216	13827	0	1	676.0	252.0

2019-03-06-16-57-11-427	13828	0	0	1242.0	899.0

2019-03-06-16-57-11-616	13829	0	1	1242.0	899.0

2019-03-06-16-57-12-054	13830	0	0	1785.0	307.0

2019-03-06-16-57-12-186	13831	0	1	1787.0	306.0

2019-03-06-16-57-12-437	13832	0	0	1649.0	137.0

2019-03-06-16-57-12-630	13833	0	1	1670.0	134.0

2019-03-06-16-57-13-133	13834	0	0	426.0	423.0

2019-03-06-16-57-13-321	13835	0	1	409.0	467.0

2019-03-06-16-57-13-513	13836	0	0	477.0	212.0

2019-03-06-16-57-13-721	13837	0	1	477.0	216.0

2019-03-06-16-57-13-923	13838	0	0	673.0	144.0

2019-03-06-16-57-14-180	13839	0	1	669.0	174.0

2019-03-06-16-57-14-377	13840	0	0	1314.0	948.0

2019-03-06-16-57-14-564	13841	0	1	1314.0	943.0

2019-03-06-16-57-15-074	13842	0	0	1472.0	110.0

2019-03-06-16-57-15-210	13843	0	1	1472.0	110.0

2019-03-06-16-57-15-578	13844	0	0	1253.0	887.0

2019-03-06-16-57-15-708	13845	0	1	1253.0	887.0

2019-03-06-16-57-16-216	13846	0	0	695.0	190.0

2019-03-06-16-57-16-417	13847	0	1	695.0	190.0

2019-03-06-16-57-16-551	13848	0	0	559.0	166.0

2019-03-06-16-57-16-679	13849	0	1	543.0	191.0

2019-03-06-16-57-17-142	13850	0	0	208.0	443.0

2019-03-06-16-57-17-281	13851	0	1	208.0	443.0

2019-03-06-16-57-17-741	13852	0	0	1752.0	376.0

2019-03-06-16-57-17-876	13853	0	1	1752.0	376.0

2019-03-06-16-57-18-081	13854	0	0	1745.0	383.0

2019-03-06-16-57-18-237	13855	0	1	1745.0	383.0

2019-03-06-16-57-18-697	13856	0	0	1056.0	176.0

2019-03-06-16-57-18-891	13857	0	1	1049.0	189.0

2019-03-06-16-57-19-021	13858	0	0	1272.0	892.0

2019-03-06-16-57-19-155	13859	0	1	1272.0	892.0

2019-03-06-16-57-19-561	13860	0	0	315.0	225.0

2019-03-06-16-57-19-703	13861	0	1	315.0	225.0

2019-03-06-16-57-20-033	13862	0	0	188.0	450.0

2019-03-06-16-57-20-234	13863	0	1	186.0	457.0

2019-03-06-16-57-20-981	13864	0	0	1438.0	687.0

2019-03-06-16-57-21-052	13865	0	1	1432.0	712.0

2019-03-06-16-57-21-499	13866	0	0	892.0	163.0

2019-03-06-16-57-21-706	13867	0	1	890.0	161.0

2019-03-06-16-57-21-778	13868	0	0	1248.0	947.0

2019-03-06-16-57-21-910	13869	0	1	1248.0	947.0

2019-03-06-16-57-22-044	13870	0	0	863.0	145.0

2019-03-06-16-57-22-180	13871	0	1	853.0	182.09122

2019-03-06-16-57-22-381	13872	0	0	1651.0	130.0

2019-03-06-16-57-22-514	13873	0	1	1640.0	151.0

2019-03-06-16-57-22-842	13874	0	0	1251.0	906.0

2019-03-06-16-57-22-916	13875	0	1	1262.1444	893.85565

2019-03-06-16-57-23-373	13876	0	0	1778.0	366.0

2019-03-06-16-57-23-502	13877	0	1	1778.0	366.0

2019-03-06-16-57-24-058	13878	0	0	462.0	217.0

2019-03-06-16-57-24-186	13879	0	1	484.0	257.0

2019-03-06-16-57-24-761	13880	0	0	216.0	490.0

2019-03-06-16-57-24-896	13881	0	1	182.0	498.0

2019-03-06-16-57-25-344	13882	0	0	1042.0	649.0

2019-03-06-16-57-25-474	13883	0	1	1042.0	649.0

2019-03-06-16-57-26-119	13884	0	0	484.0	181.0

2019-03-06-16-57-26-254	13885	0	1	481.0	181.0

2019-03-06-16-57-26-576	13886	0	0	1209.0	938.0

2019-03-06-16-57-26-776	13887	0	1	1216.0	943.0

2019-03-06-16-57-26-910	13888	0	0	889.0	160.0

2019-03-06-16-57-27-113	13889	0	1	885.0	186.0

2019-03-06-16-57-27-380	13890	0	0	1247.0	369.0

2019-03-06-16-57-27-507	13891	0	1	1244.0	370.0

2019-03-06-16-57-28-189	13892	0	0	1478.0	99.0

2019-03-06-16-57-28-384	13893	0	1	1475.0	103.0

2019-03-06-16-57-29-021	13894	0	0	357.0	477.0

2019-03-06-16-57-29-214	13895	0	1	338.0	464.0

2019-03-06-16-57-29-536	13896	0	0	399.0	390.0

2019-03-06-16-57-29-724	13897	0	1	399.0	390.0

2019-03-06-16-57-30-034	13898	0	0	1244.0	878.0

2019-03-06-16-57-30-166	13899	0	1	1244.0	878.0

2019-03-06-16-57-30-565	13900	0	0	1861.0	59.0

2019-03-06-16-57-30-755	13901	0	1	1858.0	62.0

2019-03-06-16-57-31-118	13902	0	0	1788.0	431.0

2019-03-06-16-57-31-248	13903	0	1	1788.0	431.0

2019-03-06-16-57-31-941	13904	0	0	168.0	493.0

2019-03-06-16-57-32-207	13905	0	1	169.0	508.0

2019-03-06-16-57-32-461	13906	0	0	213.0	424.0

2019-03-06-16-57-32-591	13907	0	1	213.0	424.0

2019-03-06-16-57-33-338	13908	0	0	815.0	732.0

2019-03-06-16-57-33-466	13909	0	1	779.0	722.0

2019-03-06-16-57-33-665	13910	0	0	537.0	204.0

2019-03-06-16-57-33-740	13911	0	1	537.0	204.0

2019-03-06-16-57-33-826	13912	0	0	1250.0	929.0

2019-03-06-16-57-33-906	13913	0	1	1250.0	929.0

