2019-03-06-16-22-39-664	8548	0	0	567.0	524.0

2019-03-06-16-22-39-747	8549	0	1	567.0	524.0

2019-03-06-16-22-40-988	8550	0	0	634.0	366.0

2019-03-06-16-22-41-076	8551	0	1	565.0	399.0

2019-03-06-16-22-41-492	8552	0	0	197.0	404.0

2019-03-06-16-22-41-664	8553	0	1	197.0	404.0

2019-03-06-16-22-41-832	8554	0	0	933.0	648.0

2019-03-06-16-22-41-914	8555	0	1	933.0	648.0

2019-03-06-16-22-42-144	8556	0	0	509.0	190.0

2019-03-06-16-22-42-304	8557	0	1	503.0	197.0

2019-03-06-16-22-42-382	8558	0	0	1774.0	318.0

2019-03-06-16-22-42-463	8559	0	1	1753.0	328.0

2019-03-06-16-22-42-896	8560	0	0	476.0	171.0

2019-03-06-16-22-42-978	8561	0	1	476.0	171.0

2019-03-06-16-22-42-985	8562	0	0	1388.0	198.0

2019-03-06-16-22-43-068	8563	0	1	1388.0	198.0

2019-03-06-16-22-44-114	8564	0	0	1761.0	149.0

2019-03-06-16-22-44-200	8565	0	1	1716.0	175.0

2019-03-06-16-22-44-513	8566	0	0	1601.0	156.0

2019-03-06-16-22-44-602	8567	0	1	1593.8776	166.17482

2019-03-06-16-22-44-696	8568	0	0	165.0	150.0

2019-03-06-16-22-44-788	8569	0	1	165.0	150.0

2019-03-06-16-22-44-882	8570	0	0	1411.0	163.0

2019-03-06-16-22-44-975	8571	0	1	1411.0	163.0

2019-03-06-16-22-45-243	8572	0	0	430.0	135.0

2019-03-06-16-22-45-337	8573	0	1	430.0	135.0

2019-03-06-16-22-45-676	8574	0	0	1192.0	398.0

2019-03-06-16-22-45-763	8575	0	1	1192.0	398.0

2019-03-06-16-22-45-945	8576	0	0	793.0	413.0

2019-03-06-16-22-46-038	8577	0	1	793.0	413.0

2019-03-06-16-22-46-134	8578	0	0	1012.0	387.0

2019-03-06-16-22-46-221	8579	0	1	999.0	388.0

2019-03-06-16-22-46-300	8580	0	0	493.0	399.0

2019-03-06-16-22-46-386	8581	0	1	493.0	399.0

2019-03-06-16-22-46-544	8582	0	0	1082.0	413.0

2019-03-06-16-22-46-619	8583	0	1	1082.0	413.0

2019-03-06-16-22-46-695	8584	0	0	346.0	371.0

2019-03-06-16-22-46-833	8585	0	1	346.0	371.0

2019-03-06-16-22-46-841	8586	0	0	1516.0	369.0

2019-03-06-16-22-46-916	8587	0	1	1513.0	396.0

2019-03-06-16-22-46-990	8588	0	0	568.0	571.0

2019-03-06-16-22-47-131	8589	0	1	568.0	571.0

2019-03-06-16-22-47-139	8590	0	0	1318.0	593.0

2019-03-06-16-22-47-216	8591	0	1	1318.0	593.0

2019-03-06-16-22-47-433	8592	0	0	726.0	621.0

2019-03-06-16-22-47-509	8593	0	1	726.0	621.0

2019-03-06-16-22-47-583	8594	0	0	1223.0	643.0

2019-03-06-16-22-47-723	8595	0	1	1223.0	643.0

2019-03-06-16-22-47-993	8596	0	0	740.0	638.0

2019-03-06-16-22-48-134	8597	0	1	740.0	638.0

2019-03-06-16-22-48-142	8598	0	0	1181.0	584.0

2019-03-06-16-22-48-281	8599	0	1	1181.0	584.0

2019-03-06-16-22-48-487	8600	0	0	718.0	577.0

2019-03-06-16-22-48-692	8601	0	1	718.0	577.0

2019-03-06-16-22-49-295	8602	0	0	682.0	571.0

2019-03-06-16-22-49-464	8603	0	1	682.0	571.0

2019-03-06-16-22-49-472	8604	0	0	1180.0	613.0

2019-03-06-16-22-49-635	8605	0	1	1180.0	613.0

2019-03-06-16-22-49-644	8606	0	0	692.0	470.0

2019-03-06-16-22-49-805	8607	0	1	692.0	470.0

2019-03-06-16-22-50-244	8608	0	0	644.0	411.0

2019-03-06-16-22-50-324	8609	0	1	644.0	411.0

2019-03-06-16-22-50-633	8610	0	0	511.0	418.0

2019-03-06-16-22-50-726	8611	0	1	511.0	418.0

2019-03-06-16-22-50-818	8612	0	0	1044.0	389.0

2019-03-06-16-22-50-991	8613	0	1	1044.0	389.0

2019-03-06-16-22-51-314	8614	0	0	1191.0	445.0

2019-03-06-16-22-51-322	8615	0	5	680.0	413.0

2019-03-06-16-22-51-413	8616	0	6	1191.0	445.0

2019-03-06-16-22-51-501	8617	0	1	680.0	413.0

2019-03-06-16-22-51-597	8618	0	0	1321.0	446.0

2019-03-06-16-22-51-692	8619	0	1	1321.0	446.0

2019-03-06-16-22-51-937	8620	0	0	518.0	399.0

2019-03-06-16-22-52-034	8621	0	5	1543.0	429.0

2019-03-06-16-22-52-042	8622	0	6	518.0	399.0

2019-03-06-16-22-52-050	8623	0	1	1542.0	439.0

2019-03-06-16-22-52-230	8624	0	0	395.0	382.0

2019-03-06-16-22-52-313	8625	0	5	1711.0	407.0

2019-03-06-16-22-52-403	8626	0	6	395.0	382.0

2019-03-06-16-22-52-411	8627	0	1	1710.0	406.0

2019-03-06-16-22-52-648	8628	0	0	206.0	197.0

2019-03-06-16-22-52-728	8629	0	5	1781.0	157.0

2019-03-06-16-22-52-809	8630	0	6	206.0	197.0

2019-03-06-16-22-52-894	8631	0	1	1740.0	177.0

2019-03-06-16-22-52-978	8632	0	0	403.0	242.0

2019-03-06-16-22-53-054	8633	0	5	1517.0	230.0

2019-03-06-16-22-53-062	8634	0	6	403.0	242.0

2019-03-06-16-22-53-136	8635	0	1	1517.0	230.0

2019-03-06-16-22-53-288	8636	0	0	570.0	399.0

2019-03-06-16-22-53-373	8637	0	1	570.0	399.0

2019-03-06-16-22-53-464	8638	0	0	1285.0	425.0

2019-03-06-16-22-53-542	8639	0	1	1285.0	425.0

2019-03-06-16-22-53-889	8640	0	0	612.0	503.0

2019-03-06-16-22-53-964	8641	0	1	612.0	503.0

2019-03-06-16-22-54-048	8642	0	0	1188.0	429.0

2019-03-06-16-22-54-861	8643	0	1	1188.0	432.16364

2019-03-06-16-22-55-296	8644	0	0	1202.0	404.0

2019-03-06-16-22-56-372	8645	0	1	1201.0	416.0

2019-03-06-16-22-56-645	8646	0	0	1003.0	385.0

2019-03-06-16-22-57-282	8647	0	1	1003.0	385.0

2019-03-06-16-22-57-500	8648	0	0	1256.0	394.0

2019-03-06-16-22-57-764	8649	0	1	1256.0	394.0

2019-03-06-16-22-57-836	8650	0	0	655.0	484.0

2019-03-06-16-22-57-912	8651	0	1	655.0	484.0

2019-03-06-16-22-57-985	8652	0	0	1390.0	404.0

2019-03-06-16-22-58-060	8653	0	1	1390.0	404.0

2019-03-06-16-22-58-199	8654	0	0	690.0	550.0

2019-03-06-16-22-58-274	8655	0	1	690.0	550.0

2019-03-06-16-22-58-355	8656	0	0	1246.0	604.0

2019-03-06-16-22-58-433	8657	0	1	1246.0	604.0

2019-03-06-16-22-58-578	8658	0	0	747.0	519.0

2019-03-06-16-22-58-655	8659	0	1	737.0	515.0

2019-03-06-16-22-58-732	8660	0	0	1268.0	641.0

2019-03-06-16-22-58-809	8661	0	1	1268.0	641.0

2019-03-06-16-22-58-882	8662	0	0	599.0	404.0

2019-03-06-16-22-58-956	8663	0	1	599.0	404.0

2019-03-06-16-22-59-031	8664	0	0	1330.0	388.0

2019-03-06-16-22-59-177	8665	0	1	1330.0	388.0

2019-03-06-16-22-59-186	8666	0	0	471.0	344.0

2019-03-06-16-22-59-326	8667	0	1	471.0	344.0

2019-03-06-16-22-59-335	8668	0	0	1373.0	215.0

2019-03-06-16-22-59-475	8669	0	1	1379.0	219.0

2019-03-06-16-22-59-555	8670	0	0	207.0	184.0

2019-03-06-16-22-59-630	8671	0	5	1663.0	137.0

2019-03-06-16-22-59-709	8672	0	6	200.0	184.0

2019-03-06-16-22-59-788	8673	0	1	1672.243	160.06943

2019-03-06-16-22-59-865	8674	0	0	94.0	65.0

2019-03-06-16-23-00-004	8675	0	5	1842.0	134.0

2019-03-06-16-23-00-076	8676	0	6	92.0	69.0

2019-03-06-16-23-00-215	8677	0	1	1837.9282	136.0359

2019-03-06-16-23-00-289	8678	0	0	268.0	312.0

2019-03-06-16-23-00-427	8679	0	1	268.0	312.0

2019-03-06-16-23-00-434	8680	0	0	1439.0	348.0

2019-03-06-16-23-00-574	8681	0	1	1439.0	348.0

2019-03-06-16-23-00-582	8682	0	0	482.0	426.0

2019-03-06-16-23-00-657	8683	0	1	484.0	436.0

2019-03-06-16-23-00-731	8684	0	0	1241.0	545.0

2019-03-06-16-23-00-871	8685	0	1	1241.0	545.0

2019-03-06-16-23-00-949	8686	0	0	599.0	596.0

2019-03-06-16-23-01-033	8687	0	1	599.0	596.0

2019-03-06-16-23-01-041	8688	0	0	1238.0	591.0

2019-03-06-16-23-01-186	8689	0	1	1238.0	591.0

2019-03-06-16-23-01-260	8690	0	0	661.0	697.0

2019-03-06-16-23-01-399	8691	0	5	1211.0	409.0

2019-03-06-16-23-01-407	8692	0	6	665.0	716.0

2019-03-06-16-23-01-483	8693	0	1	1211.0	409.0

2019-03-06-16-23-01-556	8694	0	0	793.0	656.0

2019-03-06-16-23-01-698	8695	0	1	793.0	656.0

2019-03-06-16-23-01-771	8696	0	0	1238.0	361.0

2019-03-06-16-23-01-910	8697	0	1	1238.0	361.0

2019-03-06-16-23-02-121	8698	0	0	589.0	488.0

2019-03-06-16-23-02-261	8699	0	1	587.0	492.0

2019-03-06-16-23-02-268	8700	0	0	1104.0	420.0

2019-03-06-16-23-02-480	8701	0	1	1099.8855	412.77103

2019-03-06-16-23-02-619	8702	0	0	715.0	443.0

2019-03-06-16-23-02-757	8703	0	1	708.9399	451.0802

2019-03-06-16-23-02-831	8704	0	0	1234.0	408.0

2019-03-06-16-23-02-971	8705	0	1	1234.0	408.0

2019-03-06-16-23-03-043	8706	0	0	743.0	510.0

2019-03-06-16-23-03-187	8707	0	1	743.0	510.0

2019-03-06-16-23-03-264	8708	0	0	1118.0	378.0

2019-03-06-16-23-03-405	8709	0	1	1118.0	378.0

2019-03-06-16-23-03-673	8710	0	0	476.0	430.0

2019-03-06-16-23-03-813	8711	0	1	476.0	430.0

2019-03-06-16-23-03-821	8712	0	0	1013.0	377.0

2019-03-06-16-23-03-967	8713	0	1	1013.0	377.0

2019-03-06-16-23-04-042	8714	0	0	429.0	365.0

2019-03-06-16-23-04-116	8715	0	1	429.0	365.0

2019-03-06-16-23-04-191	8716	0	0	1083.0	562.0

2019-03-06-16-23-04-269	8717	0	1	1083.0	562.0

2019-03-06-16-23-04-351	8718	0	0	616.0	502.0

2019-03-06-16-23-04-492	8719	0	1	616.0	502.0

2019-03-06-16-23-04-501	8720	0	0	1384.0	480.0

2019-03-06-16-23-04-576	8721	0	1	1384.0	480.0

2019-03-06-16-23-04-650	8722	0	0	684.0	628.0

2019-03-06-16-23-04-794	8723	0	1	684.0	628.0

2019-03-06-16-23-04-869	8724	0	0	1316.0	532.0

2019-03-06-16-23-04-948	8725	0	1	1316.0	532.0

2019-03-06-16-23-05-023	8726	0	0	694.0	565.0

2019-03-06-16-23-05-162	8727	0	1	694.0	565.0

2019-03-06-16-23-05-235	8728	0	0	1312.0	461.0

2019-03-06-16-23-05-450	8729	0	1	1312.0	470.0

2019-03-06-16-23-05-457	8730	0	0	618.0	503.0

2019-03-06-16-23-05-600	8731	0	1	610.0	513.0

2019-03-06-16-23-05-676	8732	0	0	1279.0	456.0

2019-03-06-16-23-05-815	8733	0	5	600.0	440.0

2019-03-06-16-23-05-823	8734	0	6	1276.0	452.0

2019-03-06-16-23-05-962	8735	0	1	593.0	457.0

2019-03-06-16-23-06-036	8736	0	0	1231.0	402.0

2019-03-06-16-23-06-180	8737	0	5	592.0	442.0

2019-03-06-16-23-06-188	8738	0	6	1231.0	402.0

2019-03-06-16-23-06-264	8739	0	1	590.0	459.0

2019-03-06-16-23-06-551	8740	0	0	1156.0	399.0

2019-03-06-16-23-06-628	8741	0	1	1156.0	399.0

2019-03-06-16-23-06-702	8742	0	0	589.0	435.0

2019-03-06-16-23-06-782	8743	0	1	589.0	435.0

2019-03-06-16-23-06-855	8744	0	0	1164.0	449.0

2019-03-06-16-23-06-931	8745	0	1	1164.0	449.0

2019-03-06-16-23-07-005	8746	0	0	644.0	428.0

2019-03-06-16-23-07-145	8747	0	1	644.0	428.0

2019-03-06-16-23-07-153	8748	0	0	1151.0	422.0

2019-03-06-16-23-07-291	8749	0	1	1151.0	422.0

2019-03-06-16-23-07-367	8750	0	0	632.0	427.0

2019-03-06-16-23-07-440	8751	0	1	632.0	427.0

2019-03-06-16-23-07-514	8752	0	0	1216.0	380.0

2019-03-06-16-23-07-596	8753	0	1	1216.0	380.0

2019-03-06-16-23-07-679	8754	0	0	653.0	354.0

2019-03-06-16-23-07-755	8755	0	1	653.0	354.0

2019-03-06-16-23-07-763	8756	0	0	1358.0	255.0

2019-03-06-16-23-07-840	8757	0	1	1358.0	255.0

2019-03-06-16-23-07-915	8758	0	0	691.0	299.0

2019-03-06-16-23-07-989	8759	0	1	691.0	299.0

2019-03-06-16-23-08-062	8760	0	0	1521.0	204.0

2019-03-06-16-23-08-143	8761	0	1	1521.0	204.0

2019-03-06-16-23-08-218	8762	0	0	362.0	252.0

2019-03-06-16-23-08-293	8763	0	5	1691.0	100.0

2019-03-06-16-23-08-302	8764	0	6	333.0	248.0

2019-03-06-16-23-08-445	8765	0	1	1691.0	100.0

2019-03-06-16-23-08-521	8766	0	0	198.0	154.0

2019-03-06-16-23-08-597	8767	0	5	1665.0	101.0

2019-03-06-16-23-08-673	8768	0	6	170.0	168.0

2019-03-06-16-23-08-750	8769	0	1	1665.0	113.0

2019-03-06-16-23-08-828	8770	0	0	161.0	186.0

2019-03-06-16-23-08-902	8771	0	1	117.0	196.0

2019-03-06-16-23-09-173	8772	0	0	1424.0	314.0

2019-03-06-16-23-09-180	8773	0	5	428.0	297.0

2019-03-06-16-23-09-255	8774	0	6	1424.0	314.0

2019-03-06-16-23-09-263	8775	0	1	428.0	297.0

2019-03-06-16-23-09-537	8776	0	0	654.0	404.0

2019-03-06-16-23-09-551	8777	0	5	1258.0	481.0

2019-03-06-16-23-09-629	8778	0	6	642.0	417.0

2019-03-06-16-23-09-638	8779	0	1	1258.0	488.0

2019-03-06-16-23-09-843	8780	0	0	1192.0	493.0

2019-03-06-16-23-09-921	8781	0	1	1192.0	493.0

2019-03-06-16-23-09-997	8782	0	0	734.0	512.0

2019-03-06-16-23-10-072	8783	0	1	723.9615	509.9923

2019-03-06-16-23-10-081	8784	0	0	1211.0	445.0

2019-03-06-16-23-10-159	8785	0	1	1211.0	445.0

2019-03-06-16-23-10-235	8786	0	0	280.0	195.0

2019-03-06-16-23-10-311	8787	0	1	280.0	195.0

2019-03-06-16-23-10-516	8788	0	0	266.0	177.0

2019-03-06-16-23-10-592	8789	0	1	266.0	177.0

2019-03-06-16-23-10-734	8790	0	0	409.0	257.0

2019-03-06-16-23-10-810	8791	0	1	409.0	257.0

2019-03-06-16-23-10-948	8792	0	0	1262.0	445.0

2019-03-06-16-23-11-030	8793	0	1	1262.0	445.0

2019-03-06-16-23-11-107	8794	0	0	611.0	515.0

2019-03-06-16-23-11-182	8795	0	1	611.0	515.0

2019-03-06-16-23-11-190	8796	0	0	1203.0	487.0

2019-03-06-16-23-11-271	8797	0	1	1203.0	487.0

2019-03-06-16-23-11-414	8798	0	0	733.0	556.0

2019-03-06-16-23-11-492	8799	0	1	733.0	556.0

2019-03-06-16-23-11-567	8800	0	0	1168.0	514.0

2019-03-06-16-23-11-642	8801	0	1	1168.0	514.0

2019-03-06-16-23-11-782	8802	0	0	1108.0	605.0

2019-03-06-16-23-11-921	8803	0	1	1108.0	605.0

2019-03-06-16-23-12-059	8804	0	0	1077.0	565.0

2019-03-06-16-23-12-135	8805	0	1	1077.0	565.0

2019-03-06-16-23-12-281	8806	0	0	1035.0	554.0

2019-03-06-16-23-12-360	8807	0	1	1035.0	554.0

2019-03-06-16-23-12-506	8808	0	0	998.0	555.0

2019-03-06-16-23-12-583	8809	0	1	998.0	555.0

2019-03-06-16-23-12-657	8810	0	0	969.0	553.0

2019-03-06-16-23-12-732	8811	0	1	969.0	553.0

2019-03-06-16-23-12-807	8812	0	0	615.0	571.0

2019-03-06-16-23-12-944	8813	0	1	615.0	571.0

2019-03-06-16-23-13-019	8814	0	0	1207.0	522.0

2019-03-06-16-23-13-093	8815	0	1	1207.0	522.0

2019-03-06-16-23-13-167	8816	0	0	645.0	580.0

2019-03-06-16-23-13-250	8817	0	1	645.0	580.0

2019-03-06-16-23-13-332	8818	0	0	1414.0	428.0

2019-03-06-16-23-13-408	8819	0	1	1414.0	428.0

2019-03-06-16-23-13-416	8820	0	0	514.0	425.0

2019-03-06-16-23-13-492	8821	0	1	514.0	425.0

2019-03-06-16-23-13-566	8822	0	0	1258.0	410.0

2019-03-06-16-23-13-707	8823	0	1	1258.0	410.0

2019-03-06-16-23-13-714	8824	0	0	623.0	419.0

2019-03-06-16-23-13-860	8825	0	1	623.0	419.0

2019-03-06-16-23-13-935	8826	0	0	1188.0	389.0

2019-03-06-16-23-14-014	8827	0	1	1188.0	389.0

2019-03-06-16-23-14-090	8828	0	0	776.0	395.0

2019-03-06-16-23-14-168	8829	0	1	776.0	395.0

2019-03-06-16-23-14-377	8830	0	0	1159.0	367.0

2019-03-06-16-23-14-453	8831	0	1	1159.0	367.0

2019-03-06-16-23-14-526	8832	0	0	539.0	389.0

2019-03-06-16-23-14-669	8833	0	1	529.0	391.0

2019-03-06-16-23-14-743	8834	0	0	1408.0	390.0

2019-03-06-16-23-14-818	8835	0	1	1408.0	390.0

2019-03-06-16-23-14-895	8836	0	0	339.0	417.0

2019-03-06-16-23-14-969	8837	0	1	339.0	417.0

2019-03-06-16-23-15-050	8838	0	0	1501.0	391.0

2019-03-06-16-23-15-124	8839	0	1	1501.0	391.0

2019-03-06-16-23-15-200	8840	0	0	187.0	326.0

2019-03-06-16-23-15-275	8841	0	1	187.0	326.0

2019-03-06-16-23-15-354	8842	0	0	1599.0	353.0

2019-03-06-16-23-15-428	8843	0	1	1599.0	353.0

2019-03-06-16-23-15-436	8844	0	0	248.0	174.0

2019-03-06-16-23-15-583	8845	0	1	248.0	174.0

2019-03-06-16-23-15-591	8846	0	0	1417.0	283.0

2019-03-06-16-23-15-668	8847	0	1	1417.0	283.0

2019-03-06-16-23-15-676	8848	0	0	450.0	256.0

2019-03-06-16-23-15-818	8849	0	1	450.0	256.0

2019-03-06-16-23-15-826	8850	0	0	1259.0	345.0

2019-03-06-16-23-15-902	8851	0	1	1259.0	345.0

2019-03-06-16-23-15-979	8852	0	0	611.0	291.0

2019-03-06-16-23-16-056	8853	0	1	611.0	291.0

2019-03-06-16-23-16-133	8854	0	0	1200.0	420.0

2019-03-06-16-23-16-213	8855	0	1	1200.0	420.0

2019-03-06-16-23-16-221	8856	0	0	763.0	191.0

2019-03-06-16-23-16-362	8857	0	1	763.0	191.0

2019-03-06-16-23-16-438	8858	0	0	1239.0	364.0

2019-03-06-16-23-16-577	8859	0	1	1239.0	364.0

2019-03-06-16-23-16-664	8860	0	0	821.0	161.0

2019-03-06-16-23-16-740	8861	0	1	821.0	161.0

2019-03-06-16-23-16-882	8862	0	0	937.0	121.0

2019-03-06-16-23-16-958	8863	0	1	937.0	121.0

2019-03-06-16-23-17-034	8864	0	0	921.0	110.0

2019-03-06-16-23-17-173	8865	0	1	921.0	110.0

2019-03-06-16-23-17-315	8866	0	0	1210.0	155.0

2019-03-06-16-23-17-388	8867	0	1	1210.0	155.0

2019-03-06-16-23-17-525	8868	0	0	1186.0	142.0

2019-03-06-16-23-17-600	8869	0	1	1186.0	142.0

2019-03-06-16-23-17-675	8870	0	0	1205.0	115.0

2019-03-06-16-23-17-753	8871	0	1	1205.0	115.0

2019-03-06-16-23-17-972	8872	0	0	545.0	370.0

2019-03-06-16-23-18-054	8873	0	1	545.0	370.0

2019-03-06-16-23-18-062	8874	0	0	1341.0	286.0

2019-03-06-16-23-18-140	8875	0	1	1341.0	286.0

2019-03-06-16-23-18-226	8876	0	0	484.0	380.0

2019-03-06-16-23-18-303	8877	0	1	484.0	380.0

2019-03-06-16-23-18-311	8878	0	0	1505.0	267.0

2019-03-06-16-23-18-457	8879	0	1	1505.0	267.0

2019-03-06-16-23-18-465	8880	0	0	379.0	317.0

2019-03-06-16-23-18-612	8881	0	1	379.0	317.0

2019-03-06-16-23-18-620	8882	0	0	1663.0	250.0

2019-03-06-16-23-18-696	8883	0	1	1663.0	250.0

2019-03-06-16-23-18-771	8884	0	0	285.0	276.0

2019-03-06-16-23-18-846	8885	0	1	285.0	276.0

2019-03-06-16-23-18-925	8886	0	0	1719.0	243.0

2019-03-06-16-23-18-999	8887	0	1	1719.0	243.0

2019-03-06-16-23-19-074	8888	0	0	436.0	367.0

2019-03-06-16-23-19-151	8889	0	1	436.0	367.0

2019-03-06-16-23-19-228	8890	0	0	1337.0	334.0

2019-03-06-16-23-19-302	8891	0	1	1337.0	334.0

2019-03-06-16-23-19-311	8892	0	0	548.0	441.0

2019-03-06-16-23-19-463	8893	0	1	548.0	441.0

2019-03-06-16-23-19-471	8894	0	0	1234.0	458.0

2019-03-06-16-23-19-619	8895	0	1	1234.0	458.0

2019-03-06-16-23-19-628	8896	0	0	622.0	539.0

2019-03-06-16-23-19-774	8897	0	1	622.0	539.0

2019-03-06-16-23-20-084	8898	0	0	1181.0	449.0

2019-03-06-16-23-20-166	8899	0	1	1181.0	449.0

2019-03-06-16-23-20-244	8900	0	0	810.0	424.0

2019-03-06-16-23-20-322	8901	0	1	810.0	424.0

2019-03-06-16-23-20-400	8902	0	0	1526.0	303.0

2019-03-06-16-23-20-476	8903	0	1	1526.0	303.0

2019-03-06-16-23-20-628	8904	0	0	324.0	152.0

2019-03-06-16-23-20-709	8905	0	1	324.0	152.0

2019-03-06-16-23-20-717	8906	0	0	1758.0	143.0

2019-03-06-16-23-20-808	8907	0	1	1758.0	143.0

2019-03-06-16-23-20-897	8908	0	0	133.0	62.0

2019-03-06-16-23-21-047	8909	0	1	133.0	62.0

2019-03-06-16-23-21-055	8910	0	0	1742.0	164.0

2019-03-06-16-23-21-151	8911	0	1	1742.0	164.0

2019-03-06-16-23-21-234	8912	0	0	451.0	184.0

2019-03-06-16-23-21-317	8913	0	5	1500.0	210.0

2019-03-06-16-23-21-325	8914	0	6	451.0	184.0

2019-03-06-16-23-21-403	8915	0	1	1500.0	210.0

2019-03-06-16-23-21-481	8916	0	0	618.0	304.0

2019-03-06-16-23-21-565	8917	0	1	618.0	304.0

2019-03-06-16-23-21-651	8918	0	0	1304.0	372.0

2019-03-06-16-23-21-728	8919	0	1	1304.0	372.0

2019-03-06-16-23-21-814	8920	0	0	767.0	416.0

2019-03-06-16-23-21-903	8921	0	1	767.0	416.0

2019-03-06-16-23-21-911	8922	0	0	1186.0	344.0

2019-03-06-16-23-22-072	8923	0	1	1186.0	344.0

2019-03-06-16-23-22-152	8924	0	0	1031.0	348.0

2019-03-06-16-23-22-250	8925	0	1	1040.0	355.0

2019-03-06-16-23-22-366	8926	0	0	786.0	596.0

2019-03-06-16-23-22-461	8927	0	1	786.0	596.0

2019-03-06-16-23-22-508	8928	0	0	1106.0	541.0

2019-03-06-16-23-22-631	8929	0	1	1106.0	541.0

2019-03-06-16-23-22-723	8930	0	0	592.0	592.0

2019-03-06-16-23-22-815	8931	0	1	592.0	592.0

2019-03-06-16-23-22-863	8932	0	0	1318.0	574.0

2019-03-06-16-23-22-952	8933	0	1	1318.0	574.0

2019-03-06-16-23-23-036	8934	0	0	490.0	557.0

2019-03-06-16-23-23-134	8935	0	1	490.0	557.0

2019-03-06-16-23-23-188	8936	0	0	1496.0	492.0

2019-03-06-16-23-23-270	8937	0	1	1496.0	492.0

2019-03-06-16-23-23-361	8938	0	0	374.0	358.0

2019-03-06-16-23-23-458	8939	0	1	374.0	358.0

2019-03-06-16-23-23-510	8940	0	0	1578.0	368.0

2019-03-06-16-23-23-599	8941	0	1	1588.0	371.0

2019-03-06-16-23-23-681	8942	0	0	264.0	292.0

2019-03-06-16-23-23-831	8943	0	1	264.0	292.0

2019-03-06-16-23-23-872	8944	0	0	1757.0	234.0

2019-03-06-16-23-23-988	8945	0	1	1757.0	234.0

2019-03-06-16-23-23-996	8946	0	0	252.0	153.0

2019-03-06-16-23-24-106	8947	0	1	252.0	153.0

2019-03-06-16-23-24-146	8948	0	0	1531.0	223.0

2019-03-06-16-23-24-224	8949	0	1	1531.0	223.0

2019-03-06-16-23-24-266	8950	0	0	494.0	257.0

2019-03-06-16-23-24-374	8951	0	1	494.0	257.0

2019-03-06-16-23-24-414	8952	0	0	1329.0	330.0

2019-03-06-16-23-24-499	8953	0	1	1329.0	330.0

2019-03-06-16-23-24-542	8954	0	0	578.0	404.0

2019-03-06-16-23-24-694	8955	0	1	578.0	404.0

2019-03-06-16-23-24-703	8956	0	0	1228.0	464.0

2019-03-06-16-23-24-781	8957	0	1	1228.0	464.0

2019-03-06-16-23-24-822	8958	0	0	695.0	453.0

2019-03-06-16-23-24-963	8959	0	1	695.0	453.0

2019-03-06-16-23-24-971	8960	0	0	1158.0	495.0

2019-03-06-16-23-25-120	8961	0	1	1158.0	495.0

2019-03-06-16-23-25-161	8962	0	0	694.0	471.0

2019-03-06-16-23-25-272	8963	0	5	1116.0	542.0

2019-03-06-16-23-25-280	8964	0	6	694.0	471.0

2019-03-06-16-23-25-421	8965	0	1	1118.0	545.0

2019-03-06-16-23-25-470	8966	0	0	594.0	511.0

2019-03-06-16-23-25-545	8967	0	1	594.0	511.0

2019-03-06-16-23-25-618	8968	0	0	1414.0	392.0

2019-03-06-16-23-25-729	8969	0	1	1414.0	392.0

2019-03-06-16-23-25-807	8970	0	0	561.0	550.0

2019-03-06-16-23-26-010	8971	0	1	561.0	550.0

2019-03-06-16-23-26-219	8972	0	0	1218.0	379.0

2019-03-06-16-23-26-716	8973	0	1	1218.0	379.0

2019-03-06-16-23-26-930	8974	0	0	1088.0	388.0

2019-03-06-16-23-28-219	8975	0	1	1094.0	410.0

2019-03-06-16-23-28-700	8976	0	0	1134.0	357.0

2019-03-06-16-23-29-542	8977	0	1	1134.0	360.0

2019-03-06-16-23-29-716	8978	0	0	991.0	351.0

2019-03-06-16-23-30-350	8979	0	1	991.0	362.0

2019-03-06-16-23-30-524	8980	0	0	755.0	446.0

2019-03-06-16-23-30-695	8981	0	5	1248.0	382.0

2019-03-06-16-23-30-703	8982	0	6	755.0	446.0

2019-03-06-16-23-30-877	8983	0	1	1248.0	393.0

2019-03-06-16-23-30-995	8984	0	0	761.0	415.0

2019-03-06-16-23-31-137	8985	0	1	747.0	420.0

2019-03-06-16-23-31-211	8986	0	0	1423.0	359.0

2019-03-06-16-23-31-352	8987	0	1	1423.0	359.0

2019-03-06-16-23-31-399	8988	0	0	516.0	411.0

2019-03-06-16-23-31-513	8989	0	1	516.0	411.0

2019-03-06-16-23-31-622	8990	0	0	1570.0	340.0

2019-03-06-16-23-31-761	8991	0	1	1570.0	340.0

2019-03-06-16-23-31-769	8992	0	0	372.0	388.0

2019-03-06-16-23-31-911	8993	0	1	356.0	412.0

2019-03-06-16-23-31-954	8994	0	0	1593.0	346.0

2019-03-06-16-23-32-074	8995	0	1	1593.0	346.0

2019-03-06-16-23-32-119	8996	0	0	245.0	275.0

2019-03-06-16-23-32-296	8997	0	1	237.88594	279.07605

2019-03-06-16-23-32-304	8998	0	0	1749.0	256.0

2019-03-06-16-23-32-414	8999	0	1	1749.0	256.0

2019-03-06-16-23-32-458	9000	0	0	139.0	197.0

2019-03-06-16-23-32-613	9001	0	1	139.0	197.0

2019-03-06-16-23-32-654	9002	0	0	1775.0	148.0

2019-03-06-16-23-32-798	9003	0	1	1773.0	150.0

2019-03-06-16-23-32-908	9004	0	0	475.0	308.0

2019-03-06-16-23-33-025	9005	0	1	475.0	308.0

2019-03-06-16-23-33-068	9006	0	0	1377.0	299.0

2019-03-06-16-23-33-179	9007	0	1	1377.0	299.0

2019-03-06-16-23-33-261	9008	0	0	632.0	520.0

2019-03-06-16-23-33-368	9009	0	1	632.0	520.0

2019-03-06-16-23-33-475	9010	0	0	1254.0	398.0

2019-03-06-16-23-33-623	9011	0	1	1254.0	398.0

2019-03-06-16-23-33-935	9012	0	0	1144.0	395.0

2019-03-06-16-23-34-173	9013	0	1	1148.0	409.0

2019-03-06-16-23-34-408	9014	0	0	747.0	422.0

2019-03-06-16-23-34-483	9015	0	1	747.0	422.0

2019-03-06-16-23-34-624	9016	0	0	1273.0	350.0

2019-03-06-16-23-34-789	9017	0	1	1273.0	350.0

2019-03-06-16-23-34-970	9018	0	0	684.0	532.0

2019-03-06-16-23-35-045	9019	0	1	684.0	532.0

2019-03-06-16-23-35-162	9020	0	0	1110.0	391.0

2019-03-06-16-23-35-268	9021	0	1	1110.0	391.0

2019-03-06-16-23-35-845	9022	0	0	952.0	342.0

2019-03-06-16-23-35-901	9023	0	1	952.0	342.0

2019-03-06-16-23-36-004	9024	0	0	1166.0	384.0

2019-03-06-16-23-36-096	9025	0	1	1166.0	384.0

2019-03-06-16-23-36-373	9026	0	0	1590.0	159.0

2019-03-06-16-23-36-458	9027	0	1	1588.0	187.0

2019-03-06-16-23-36-723	9028	0	0	1129.0	395.0

2019-03-06-16-23-36-811	9029	0	1	1172.0	388.0

2019-03-06-16-23-36-907	9030	0	0	1593.0	221.0

2019-03-06-16-23-36-996	9031	0	1	1593.0	221.0

2019-03-06-16-23-37-087	9032	0	0	432.0	384.0

2019-03-06-16-23-37-179	9033	0	1	432.0	384.0

2019-03-06-16-23-37-463	9034	0	0	868.0	170.0

2019-03-06-16-23-37-548	9035	0	1	868.0	170.0

2019-03-06-16-23-37-673	9036	0	0	1092.0	779.0

2019-03-06-16-23-37-728	9037	0	1	1092.0	779.0

2019-03-06-16-23-37-973	9038	0	0	1380.0	176.0

2019-03-06-16-23-38-026	9039	0	1	1380.0	176.0

2019-03-06-16-23-38-120	9040	0	0	403.0	376.0

2019-03-06-16-23-38-223	9041	0	1	403.0	376.0

2019-03-06-16-23-38-272	9042	0	0	1087.0	772.0

2019-03-06-16-23-38-331	9043	0	1	1087.0	772.0

2019-03-06-16-23-38-465	9044	0	0	910.0	410.0

2019-03-06-16-23-38-567	9045	0	1	910.0	410.0

2019-03-06-16-23-38-790	9046	0	0	722.0	184.0

2019-03-06-16-23-38-876	9047	0	1	722.0	184.0

2019-03-06-16-23-38-962	9048	0	0	503.0	178.0

2019-03-06-16-23-39-043	9049	0	1	503.0	178.0

2019-03-06-16-23-39-176	9050	0	0	224.0	320.0

2019-03-06-16-23-39-264	9051	0	1	224.0	320.0

2019-03-06-16-23-39-318	9052	0	0	862.0	120.0

2019-03-06-16-23-39-406	9053	0	1	862.0	120.0

2019-03-06-16-23-39-654	9054	0	0	1053.0	851.0

2019-03-06-16-23-39-737	9055	0	1	1053.0	851.0

2019-03-06-16-23-39-938	9056	0	0	721.0	571.0

2019-03-06-16-23-39-988	9057	0	1	706.053	562.9516

2019-03-06-16-23-40-117	9058	0	0	205.0	394.0

2019-03-06-16-23-40-211	9059	0	5	1554.0	627.0

2019-03-06-16-23-40-259	9060	0	6	205.0	394.0

2019-03-06-16-23-40-268	9061	0	1	1554.0	627.0

2019-03-06-16-23-40-408	9062	0	0	1161.0	642.0

2019-03-06-16-23-40-494	9063	0	1	1161.0	642.0

2019-03-06-16-23-40-591	9064	0	0	733.0	204.0

2019-03-06-16-23-40-638	9065	0	1	733.0	204.0

2019-03-06-16-23-40-686	9066	0	0	1328.0	207.0

2019-03-06-16-23-40-776	9067	0	1	1328.0	207.0

2019-03-06-16-23-40-864	9068	0	0	522.0	454.0

2019-03-06-16-23-40-922	9069	0	1	521.0	434.0

2019-03-06-16-23-40-970	9070	0	0	1014.0	367.0

2019-03-06-16-23-41-059	9071	0	1	1014.0	367.0

2019-03-06-16-23-41-067	9072	0	0	474.0	183.0

2019-03-06-16-23-41-200	9073	0	1	474.0	183.0

2019-03-06-16-23-41-208	9074	0	0	1054.0	875.0

2019-03-06-16-23-41-301	9075	0	1	1108.0	763.0

2019-03-06-16-23-41-463	9076	0	0	1471.0	138.0

2019-03-06-16-23-41-554	9077	0	1	1461.0	161.0

2019-03-06-16-23-41-641	9078	0	0	352.0	352.0

2019-03-06-16-23-41-735	9079	0	1	352.0	352.0

2019-03-06-16-23-41-780	9080	0	0	1112.0	771.0

2019-03-06-16-23-41-901	9081	0	1	1112.0	771.0

2019-03-06-16-23-42-170	9082	0	0	141.0	364.0

2019-03-06-16-23-42-215	9083	0	1	141.0	364.0

2019-03-06-16-23-42-303	9084	0	0	1094.0	842.0

2019-03-06-16-23-42-382	9085	0	1	1094.0	842.0

2019-03-06-16-23-42-550	9086	0	0	889.0	152.0

2019-03-06-16-23-42-602	9087	0	1	889.0	152.0

2019-03-06-16-23-42-938	9088	0	0	522.0	173.0

2019-03-06-16-23-43-028	9089	0	1	522.0	173.0

2019-03-06-16-23-43-163	9090	0	0	668.0	202.0

2019-03-06-16-23-43-214	9091	0	1	668.0	202.0

2019-03-06-16-23-43-308	9092	0	0	671.0	168.0

2019-03-06-16-23-43-357	9093	0	1	671.0	168.0

2019-03-06-16-23-43-444	9094	0	0	1443.0	155.0

2019-03-06-16-23-43-561	9095	0	1	1397.0	217.0

2019-03-06-16-23-43-694	9096	0	0	1116.0	632.0

2019-03-06-16-23-43-742	9097	0	1	1116.0	632.0

2019-03-06-16-23-43-941	9098	0	0	1648.0	401.0

2019-03-06-16-23-43-991	9099	0	1	1648.0	401.0

2019-03-06-16-23-44-047	9100	0	0	520.0	166.0

2019-03-06-16-23-44-142	9101	0	1	520.0	166.0

2019-03-06-16-23-44-190	9102	0	0	1178.0	773.0

2019-03-06-16-23-44-270	9103	0	1	1206.0	753.0

2019-03-06-16-23-44-428	9104	0	0	1859.0	167.0

2019-03-06-16-23-44-512	9105	0	1	1859.0	167.0

2019-03-06-16-23-44-613	9106	0	0	1732.0	410.0

2019-03-06-16-23-44-699	9107	0	1	1724.0	414.0

2019-03-06-16-23-44-778	9108	0	0	147.0	372.0

2019-03-06-16-23-44-832	9109	0	1	147.0	372.0

2019-03-06-16-23-45-231	9110	0	0	795.0	596.0

2019-03-06-16-23-45-320	9111	0	1	795.0	596.0

2019-03-06-16-23-45-415	9112	0	0	500.0	202.0

2019-03-06-16-23-45-463	9113	0	1	500.0	202.0

2019-03-06-16-23-45-553	9114	0	0	1022.0	865.0

2019-03-06-16-23-45-600	9115	0	1	1022.0	865.0

2019-03-06-16-23-45-756	9116	0	0	866.0	142.0

2019-03-06-16-23-45-839	9117	0	1	866.0	142.0

2019-03-06-16-23-45-926	9118	0	0	1652.0	122.0

2019-03-06-16-23-45-969	9119	0	1	1644.0	131.0

2019-03-06-16-23-46-126	9120	0	0	1123.0	867.0

2019-03-06-16-23-46-244	9121	0	1	1123.0	867.0

2019-03-06-16-23-46-372	9122	0	0	1125.0	593.0

2019-03-06-16-23-46-419	9123	0	1	1125.0	593.0

2019-03-06-16-23-46-503	9124	0	0	466.0	159.0

2019-03-06-16-23-46-554	9125	0	1	466.0	159.0

2019-03-06-16-23-46-631	9126	0	0	1081.0	897.0

2019-03-06-16-23-46-718	9127	0	1	1091.0	885.0

2019-03-06-16-23-46-915	9128	0	0	1478.0	135.0

2019-03-06-16-23-47-003	9129	0	1	1478.0	135.0

2019-03-06-16-23-47-165	9130	0	0	1347.0	631.0

2019-03-06-16-23-47-248	9131	0	1	1347.0	631.0

2019-03-06-16-23-47-406	9132	0	0	1206.0	919.0

2019-03-06-16-23-47-450	9133	0	1	1206.0	919.0

2019-03-06-16-23-47-752	9134	0	0	1488.0	100.0

2019-03-06-16-23-47-831	9135	0	1	1488.0	100.0

2019-03-06-16-23-47-947	9136	0	0	1185.0	758.0

2019-03-06-16-23-48-030	9137	0	1	1185.0	758.0

2019-03-06-16-23-48-081	9138	0	0	294.0	174.0

2019-03-06-16-23-48-204	9139	0	1	294.0	174.0

2019-03-06-16-23-48-249	9140	0	0	1662.0	153.0

2019-03-06-16-23-48-295	9141	0	1	1662.0	153.0

2019-03-06-16-23-48-426	9142	0	0	1250.0	187.0

2019-03-06-16-23-48-524	9143	0	1	1250.0	187.0

2019-03-06-16-23-48-696	9144	0	0	1690.0	408.0

2019-03-06-16-23-48-745	9145	0	1	1694.0	422.0

2019-03-06-16-23-48-827	9146	0	0	590.0	357.0

2019-03-06-16-23-48-920	9147	0	1	590.0	357.0

2019-03-06-16-23-48-966	9148	0	0	1183.0	810.0

2019-03-06-16-23-49-014	9149	0	1	1183.0	810.0

2019-03-06-16-23-49-178	9150	0	0	1751.0	374.0

2019-03-06-16-23-49-228	9151	0	1	1751.0	374.0

2019-03-06-16-23-49-343	9152	0	0	1451.0	191.0

2019-03-06-16-23-49-435	9153	0	1	1451.0	191.0

2019-03-06-16-23-49-560	9154	0	0	1555.0	429.0

2019-03-06-16-23-49-606	9155	0	1	1556.0	436.0

2019-03-06-16-23-49-692	9156	0	0	521.0	163.0

2019-03-06-16-23-49-781	9157	0	1	498.65094	165.37212

2019-03-06-16-23-49-910	9158	0	0	1174.0	800.0

2019-03-06-16-23-50-007	9159	0	1	1174.0	800.0

2019-03-06-16-23-50-296	9160	0	0	850.0	147.0

2019-03-06-16-23-50-340	9161	0	1	850.0	147.0

2019-03-06-16-23-50-853	9162	0	0	1635.0	142.0

2019-03-06-16-23-50-960	9163	0	1	1635.0	142.0

2019-03-06-16-23-51-140	9164	0	0	1158.0	878.0

2019-03-06-16-23-51-229	9165	0	1	1158.0	878.0

2019-03-06-16-23-51-359	9166	0	0	1173.0	580.0

2019-03-06-16-23-51-410	9167	0	1	1173.0	580.0

2019-03-06-16-23-51-459	9168	0	0	450.0	195.0

2019-03-06-16-23-51-555	9169	0	1	450.0	195.0

2019-03-06-16-23-51-603	9170	0	0	1131.0	845.0

2019-03-06-16-23-51-702	9171	0	1	1131.0	845.0

2019-03-06-16-23-51-754	9172	0	0	863.0	172.0

2019-03-06-16-23-51-850	9173	0	1	847.0	191.0

2019-03-06-16-23-51-904	9174	0	0	1188.0	334.0

2019-03-06-16-23-51-996	9175	0	1	1188.0	334.0

2019-03-06-16-23-52-147	9176	0	0	454.0	104.0

2019-03-06-16-23-52-256	9177	0	1	463.0	154.0

2019-03-06-16-23-52-307	9178	0	0	1098.0	835.0

2019-03-06-16-23-52-364	9179	0	1	1098.0	835.0

2019-03-06-16-23-52-510	9180	0	0	314.0	140.0

2019-03-06-16-23-52-605	9181	0	1	314.0	148.0

2019-03-06-16-23-52-658	9182	0	0	1687.0	147.0

2019-03-06-16-23-52-753	9183	0	1	1667.0	150.0

2019-03-06-16-23-52-851	9184	0	0	664.0	185.0

2019-03-06-16-23-52-904	9185	0	1	664.0	185.0

2019-03-06-16-23-53-048	9186	0	0	328.0	328.0

2019-03-06-16-23-53-096	9187	0	1	328.0	328.0

2019-03-06-16-23-53-244	9188	0	0	863.0	236.0

2019-03-06-16-23-53-298	9189	0	1	863.0	236.0

2019-03-06-16-23-53-619	9190	0	0	1020.0	962.0

2019-03-06-16-23-53-714	9191	0	1	1019.0	997.0114

2019-03-06-16-23-54-453	9192	0	0	1351.0	178.0

2019-03-06-16-23-54-548	9193	0	1	1351.0	178.0

2019-03-06-16-23-54-738	9194	0	0	1085.0	881.0

2019-03-06-16-23-54-842	9195	0	1	1085.0	881.0

2019-03-06-16-23-55-046	9196	0	0	204.0	362.0

2019-03-06-16-23-55-176	9197	0	1	184.0	368.0

2019-03-06-16-23-55-184	9198	0	0	1494.0	655.0

2019-03-06-16-23-55-241	9199	0	1	1494.0	655.0

2019-03-06-16-23-55-342	9200	0	0	1164.0	875.0

2019-03-06-16-23-55-397	9201	0	1	1160.0	869.0

2019-03-06-16-23-55-626	9202	0	0	870.0	197.0

2019-03-06-16-23-55-718	9203	0	1	870.0	197.0

2019-03-06-16-23-55-771	9204	0	0	1147.0	392.0

2019-03-06-16-23-55-875	9205	0	1	1147.0	392.0

2019-03-06-16-23-55-927	9206	0	0	506.0	191.0

2019-03-06-16-23-56-022	9207	0	1	506.0	191.0

2019-03-06-16-23-56-072	9208	0	0	1078.0	860.0

2019-03-06-16-23-56-171	9209	0	1	1078.0	860.0

2019-03-06-16-23-58-194	9210	0	0	315.0	152.0

2019-03-06-16-23-58-332	9211	0	1	317.0	160.0

2019-03-06-16-23-58-636	9212	0	0	1649.0	190.0

2019-03-06-16-23-58-696	9213	0	1	1628.0	195.0

2019-03-06-16-23-58-754	9214	0	0	678.0	151.0

2019-03-06-16-23-58-809	9215	0	1	649.20984	163.0436

2019-03-06-16-23-58-916	9216	0	0	352.0	257.0

2019-03-06-16-23-59-021	9217	0	1	365.0	268.0

2019-03-06-16-23-59-131	9218	0	0	848.0	162.0

2019-03-06-16-23-59-242	9219	0	1	848.0	162.0

2019-03-06-16-23-59-302	9220	0	0	1181.0	881.0

2019-03-06-16-23-59-400	9221	0	1	1175.0	858.0

2019-03-06-16-24-00-293	9222	0	0	327.0	340.0

2019-03-06-16-24-00-359	9223	0	1	327.0	340.0

2019-03-06-16-24-00-554	9224	0	0	775.0	182.0

2019-03-06-16-24-00-612	9225	0	1	775.0	182.0

2019-03-06-16-24-00-621	9226	0	0	1266.0	226.0

2019-03-06-16-24-00-731	9227	0	1	1243.0	189.0

2019-03-06-16-24-00-826	9228	0	0	549.0	403.0

2019-03-06-16-24-00-884	9229	0	1	545.0	395.0

2019-03-06-16-24-00-983	9230	0	0	442.0	214.0

2019-03-06-16-24-01-095	9231	0	1	442.0	214.0

2019-03-06-16-24-01-156	9232	0	0	1360.0	621.0

2019-03-06-16-24-01-215	9233	0	1	1360.0	621.0

2019-03-06-16-24-01-322	9234	0	0	841.0	184.0

2019-03-06-16-24-01-384	9235	0	1	841.0	184.0

2019-03-06-16-24-01-436	9236	0	0	1164.0	828.0

2019-03-06-16-24-01-495	9237	0	1	1165.3574	806.0682

2019-03-06-16-24-01-689	9238	0	0	1403.0	188.0

2019-03-06-16-24-01-741	9239	0	1	1403.0	188.0

2019-03-06-16-24-01-905	9240	0	0	1335.0	608.0

2019-03-06-16-24-01-961	9241	0	1	1335.0	608.0

2019-03-06-16-24-02-072	9242	0	0	1194.0	856.0

2019-03-06-16-24-02-168	9243	0	1	1202.078	861.04877

2019-03-06-16-24-02-215	9244	0	0	802.0	618.0

2019-03-06-16-24-02-303	9245	0	1	802.0	618.0

2019-03-06-16-24-02-477	9246	0	0	203.0	371.0

2019-03-06-16-24-02-530	9247	0	1	203.0	371.0

2019-03-06-16-24-02-586	9248	0	0	1559.0	644.0

2019-03-06-16-24-02-643	9249	0	1	1544.6963	649.10846

2019-03-06-16-24-03-222	9250	0	0	1120.0	608.0

2019-03-06-16-24-03-269	9251	0	1	1106.0	608.0

2019-03-06-16-24-03-318	9252	0	0	692.0	159.0

2019-03-06-16-24-03-414	9253	0	1	692.0	159.0

2019-03-06-16-24-03-502	9254	0	0	1400.0	152.0

2019-03-06-16-24-03-642	9255	0	1	1407.0	148.0

2019-03-06-16-24-03-693	9256	0	0	576.0	400.0

2019-03-06-16-24-03-744	9257	0	1	576.0	400.0

2019-03-06-16-24-03-839	9258	0	0	969.0	370.0

2019-03-06-16-24-03-927	9259	0	1	967.0	401.0

2019-03-06-16-24-03-980	9260	0	0	523.0	201.0

2019-03-06-16-24-04-138	9261	0	1	523.0	201.0

2019-03-06-16-24-04-231	9262	0	0	1085.0	820.0

2019-03-06-16-24-04-363	9263	0	1	1085.0	820.0

2019-03-06-16-24-04-413	9264	0	0	282.0	163.0

2019-03-06-16-24-04-559	9265	0	1	282.0	163.0

2019-03-06-16-24-04-654	9266	0	0	1165.0	336.0

2019-03-06-16-24-04-703	9267	0	1	1165.0	336.0

2019-03-06-16-24-04-833	9268	0	0	1026.0	151.0

2019-03-06-16-24-04-923	9269	0	1	1026.0	151.0

2019-03-06-16-24-05-064	9270	0	0	1039.0	748.0

2019-03-06-16-24-05-158	9271	0	1	1039.0	748.0

2019-03-06-16-24-05-312	9272	0	0	539.0	354.0

2019-03-06-16-24-05-419	9273	0	5	1661.0	180.0

2019-03-06-16-24-05-427	9274	0	6	539.0	354.0

2019-03-06-16-24-05-480	9275	0	1	1664.0	185.0

2019-03-06-16-24-05-594	9276	0	0	494.0	178.0

2019-03-06-16-24-05-691	9277	0	1	494.0	178.0

2019-03-06-16-24-05-787	9278	0	0	1138.0	844.0

2019-03-06-16-24-05-845	9279	0	1	1138.0	844.0

2019-03-06-16-24-05-937	9280	0	0	363.0	332.0

2019-03-06-16-24-06-027	9281	0	1	363.0	332.0

2019-03-06-16-24-06-546	9282	0	0	1252.0	937.0

2019-03-06-16-24-06-637	9283	0	1	1252.0	937.0

2019-03-06-16-24-06-866	9284	0	0	1353.0	595.0

2019-03-06-16-24-06-917	9285	0	1	1368.0	557.0

2019-03-06-16-24-07-013	9286	0	0	1655.0	100.0

2019-03-06-16-24-07-101	9287	0	1	1655.0	100.0

2019-03-06-16-24-07-330	9288	0	0	1226.0	838.0

2019-03-06-16-24-07-420	9289	0	1	1226.0	850.0

2019-03-06-16-24-07-642	9290	0	0	1725.0	173.0

2019-03-06-16-24-07-694	9291	0	1	1725.0	173.0

2019-03-06-16-24-07-928	9292	0	0	1434.0	590.0

2019-03-06-16-24-08-017	9293	0	1	1419.744	613.13586

2019-03-06-16-24-08-074	9294	0	0	451.0	165.0

2019-03-06-16-24-08-176	9295	0	1	451.0	165.0

2019-03-06-16-24-08-235	9296	0	0	1242.0	863.0

2019-03-06-16-24-08-328	9297	0	1	1242.0	863.0

2019-03-06-16-24-08-512	9298	0	0	1695.0	458.0

2019-03-06-16-24-08-573	9299	0	1	1670.0	436.0

2019-03-06-16-24-08-722	9300	0	0	1409.0	191.0

2019-03-06-16-24-08-780	9301	0	1	1409.0	191.0

2019-03-06-16-24-08-928	9302	0	0	1573.0	426.0

2019-03-06-16-24-08-986	9303	0	1	1573.0	426.0

2019-03-06-16-24-09-041	9304	0	0	504.0	189.0

2019-03-06-16-24-09-140	9305	0	1	504.0	189.0

2019-03-06-16-24-09-240	9306	0	0	1140.0	796.0

2019-03-06-16-24-09-248	9307	0	1	1140.0	796.0

2019-03-06-16-24-09-619	9308	0	0	1520.0	658.0

2019-03-06-16-24-09-678	9309	0	1	1520.0	658.0

2019-03-06-16-24-09-784	9310	0	0	469.0	183.0

2019-03-06-16-24-09-877	9311	0	1	469.0	183.0

2019-03-06-16-24-09-933	9312	0	0	1192.0	824.0

2019-03-06-16-24-10-041	9313	0	1	1178.0	787.0

2019-03-06-16-24-10-185	9314	0	0	1411.0	219.0

2019-03-06-16-24-10-321	9315	0	1	1412.0	234.0

2019-03-06-16-24-10-421	9316	0	0	751.0	410.0

2019-03-06-16-24-10-526	9317	0	1	751.0	410.0

2019-03-06-16-24-10-584	9318	0	0	1167.0	871.0

2019-03-06-16-24-10-641	9319	0	1	1168.0	863.0

2019-03-06-16-24-10-936	9320	0	0	1696.0	169.0

2019-03-06-16-24-11-039	9321	0	1	1665.0	172.0

2019-03-06-16-24-11-245	9322	0	0	1366.0	567.0

2019-03-06-16-24-11-347	9323	0	1	1362.0	584.0

2019-03-06-16-24-11-356	9324	0	0	502.0	167.0

2019-03-06-16-24-11-469	9325	0	1	502.0	167.0

2019-03-06-16-24-11-529	9326	0	0	1211.0	923.0

2019-03-06-16-24-11-589	9327	0	1	1211.0	923.0

2019-03-06-16-24-12-566	9328	0	0	1425.0	128.0

2019-03-06-16-24-12-658	9329	0	1	1417.0	157.0

2019-03-06-16-24-12-836	9330	0	0	1199.0	935.0

2019-03-06-16-24-12-942	9331	0	1	1199.0	935.0

2019-03-06-16-24-13-174	9332	0	0	808.0	612.0

2019-03-06-16-24-13-265	9333	0	1	808.0	612.0

2019-03-06-16-24-13-321	9334	0	0	1660.0	219.0

2019-03-06-16-24-13-372	9335	0	1	1636.0	198.0

2019-03-06-16-24-13-510	9336	0	0	1280.0	185.0

2019-03-06-16-24-13-604	9337	0	1	1276.0	209.0

2019-03-06-16-24-13-740	9338	0	0	1679.0	430.0

2019-03-06-16-24-13-837	9339	0	1	1679.0	439.0

2019-03-06-16-24-13-928	9340	0	0	596.0	360.0

2019-03-06-16-24-14-030	9341	0	1	596.0	360.0

2019-03-06-16-24-14-081	9342	0	0	1197.0	881.0

2019-03-06-16-24-14-132	9343	0	1	1197.0	881.0

2019-03-06-16-24-14-277	9344	0	0	1105.0	635.0

2019-03-06-16-24-14-381	9345	0	1	1105.0	635.0

2019-03-06-16-24-14-513	9346	0	0	485.0	171.0

2019-03-06-16-24-14-621	9347	0	1	485.0	171.0

2019-03-06-16-24-14-893	9348	0	0	1140.0	888.0

2019-03-06-16-24-15-024	9349	0	1	1140.0	888.0

2019-03-06-16-24-15-326	9350	0	0	745.0	586.0

2019-03-06-16-24-15-428	9351	0	1	745.0	586.0

2019-03-06-16-24-15-479	9352	0	0	1725.0	413.0

2019-03-06-16-24-15-532	9353	0	1	1693.0	439.0

2019-03-06-16-24-15-673	9354	0	0	468.0	170.0

2019-03-06-16-24-15-781	9355	0	1	468.0	170.0

2019-03-06-16-24-15-833	9356	0	0	984.0	600.0

2019-03-06-16-24-15-926	9357	0	1	984.0	600.0

2019-03-06-16-24-15-934	9358	0	0	448.0	182.0

2019-03-06-16-24-16-030	9359	0	1	450.0	183.0

2019-03-06-16-24-16-124	9360	0	0	673.0	205.0

2019-03-06-16-24-16-175	9361	0	1	673.0	205.0

2019-03-06-16-24-16-277	9362	0	0	464.0	149.0

2019-03-06-16-24-16-386	9363	0	1	464.0	149.0

2019-03-06-16-24-16-498	9364	0	0	669.0	185.0

2019-03-06-16-24-16-646	9365	0	1	669.0	185.0

2019-03-06-16-24-16-698	9366	0	0	1084.0	861.0

2019-03-06-16-24-16-835	9367	0	1	1076.0	845.0

2019-03-06-16-24-17-110	9368	0	0	1403.0	178.0

2019-03-06-16-24-17-208	9369	0	1	1396.2894	198.1317

2019-03-06-16-24-17-377	9370	0	0	1150.0	863.0

2019-03-06-16-24-17-466	9371	0	1	1150.0	863.0

2019-03-06-16-24-17-624	9372	0	0	744.0	591.0

2019-03-06-16-24-17-736	9373	0	1	744.0	591.0

2019-03-06-16-24-17-745	9374	0	0	1632.0	233.0

2019-03-06-16-24-17-855	9375	0	1	1620.0	206.0

2019-03-06-16-24-17-960	9376	0	0	1300.0	219.0

2019-03-06-16-24-18-068	9377	0	1	1305.0	232.0

2019-03-06-16-24-18-345	9378	0	0	1700.0	485.0

2019-03-06-16-24-18-476	9379	0	1	1714.0	482.0

2019-03-06-16-24-18-842	9380	0	0	504.0	386.0

2019-03-06-16-24-18-975	9381	0	1	504.0	386.0

2019-03-06-16-24-19-545	9382	0	0	1114.0	630.0

2019-03-06-16-24-19-673	9383	0	1	1114.0	630.0

2019-03-06-16-24-19-767	9384	0	0	477.0	187.0

2019-03-06-16-24-19-897	9385	0	1	477.0	187.0

2019-03-06-16-24-19-951	9386	0	0	1136.0	874.0

2019-03-06-16-24-20-120	9387	0	1	1098.0	858.0

2019-03-06-16-24-20-412	9388	0	0	557.0	368.0

2019-03-06-16-24-20-542	9389	0	1	557.0	368.0

2019-03-06-16-24-22-459	9390	0	0	1165.0	650.0

2019-03-06-16-24-22-585	9391	0	1	1165.0	650.0

2019-03-06-16-24-22-833	9392	0	0	499.0	232.0

2019-03-06-16-24-22-919	9393	0	1	499.0	232.0

2019-03-06-16-24-23-243	9394	0	0	720.0	684.0

2019-03-06-16-24-23-295	9395	0	1	720.0	684.0

2019-03-06-16-24-23-346	9396	0	0	1678.0	177.0

2019-03-06-16-24-23-443	9397	0	1	1669.0	189.0

2019-03-06-16-24-23-577	9398	0	0	1533.0	569.0

2019-03-06-16-24-23-664	9399	0	1	1518.0	599.0

2019-03-06-16-24-23-711	9400	0	0	505.0	183.0

2019-03-06-16-24-23-840	9401	0	1	505.0	183.0

2019-03-06-16-24-23-887	9402	0	0	1194.0	834.0

2019-03-06-16-24-23-938	9403	0	1	1194.0	834.0

2019-03-06-16-24-24-146	9404	0	0	1550.0	602.0

2019-03-06-16-24-24-196	9405	0	1	1542.0	564.0

2019-03-06-16-24-24-415	9406	0	0	1230.0	172.0

2019-03-06-16-24-24-598	9407	0	1	1254.2598	134.55988

2019-03-06-16-24-24-865	9408	0	0	755.0	584.0

2019-03-06-16-24-24-959	9409	0	1	755.0	584.0

2019-03-06-16-24-24-967	9410	0	0	1173.0	423.0

2019-03-06-16-24-25-134	9411	0	1	1146.0	385.0236

2019-03-06-16-24-25-305	9412	0	0	1131.0	861.0

2019-03-06-16-24-25-356	9413	0	1	1145.0	855.0

2019-03-06-16-24-25-572	9414	0	0	1509.0	577.0

2019-03-06-16-24-25-659	9415	0	1	1509.0	577.0

2019-03-06-16-24-25-830	9416	0	0	1582.0	190.0

2019-03-06-16-24-26-007	9417	0	1	1551.6099	237.76932

2019-03-06-16-24-26-144	9418	0	0	670.0	184.0

2019-03-06-16-24-26-245	9419	0	1	670.0	184.0

2019-03-06-16-24-26-335	9420	0	0	461.0	185.0

2019-03-06-16-24-26-436	9421	0	1	461.0	185.0

2019-03-06-16-24-26-486	9422	0	0	1126.0	833.0

2019-03-06-16-24-26-534	9423	0	1	1126.0	833.0

2019-03-06-16-24-26-790	9424	0	0	1772.0	154.0

2019-03-06-16-24-26-919	9425	0	1	1695.0	144.0

2019-03-06-16-24-26-968	9426	0	0	1559.0	186.0

2019-03-06-16-24-27-056	9427	0	1	1571.0	189.0

2019-03-06-16-24-27-146	9428	0	0	1799.0	183.0

2019-03-06-16-24-27-278	9429	0	1	1680.0	209.0

2019-03-06-16-24-27-367	9430	0	0	1257.0	185.0

2019-03-06-16-24-27-455	9431	0	1	1257.0	185.0

2019-03-06-16-24-27-630	9432	0	0	1721.0	410.0

2019-03-06-16-24-27-729	9433	0	1	1721.0	410.0

2019-03-06-16-24-27-780	9434	0	0	139.0	340.0

2019-03-06-16-24-27-922	9435	0	1	146.0	339.0

2019-03-06-16-24-28-095	9436	0	0	710.0	225.0

2019-03-06-16-24-28-303	9437	0	1	682.0	240.0

2019-03-06-16-24-28-431	9438	0	0	1076.0	844.0

2019-03-06-16-24-28-562	9439	0	1	1069.606	823.42395

2019-03-06-16-24-28-855	9440	0	0	1789.0	162.0

2019-03-06-16-24-28-946	9441	0	1	1775.0	191.0

2019-03-06-16-24-29-084	9442	0	0	421.0	208.0

2019-03-06-16-24-29-178	9443	0	1	421.0	208.0

2019-03-06-16-24-29-234	9444	0	0	1575.0	239.0

2019-03-06-16-24-29-327	9445	0	1	1586.0	200.0

2019-03-06-16-24-29-464	9446	0	0	1774.0	199.0

2019-03-06-16-24-29-556	9447	0	1	1766.0	253.0

2019-03-06-16-24-29-607	9448	0	0	1700.0	444.0

2019-03-06-16-24-29-735	9449	0	1	1700.0	444.0

2019-03-06-16-24-29-787	9450	0	0	490.0	137.0

2019-03-06-16-24-29-958	9451	0	1	490.0	137.0

2019-03-06-16-24-30-049	9452	0	0	1150.0	784.0

2019-03-06-16-24-30-135	9453	0	1	1129.0	780.0

2019-03-06-16-24-30-310	9454	0	0	318.0	165.0

2019-03-06-16-24-30-446	9455	0	1	318.0	165.0

2019-03-06-16-24-30-455	9456	0	0	1413.0	195.0

2019-03-06-16-24-30-549	9457	0	1	1413.0	195.0

2019-03-06-16-24-30-758	9458	0	0	1689.0	449.0

2019-03-06-16-24-30-854	9459	0	1	1696.0	461.0

2019-03-06-16-24-30-952	9460	0	0	1760.0	463.0

2019-03-06-16-24-31-005	9461	0	1	1760.0	463.0

2019-03-06-16-24-31-224	9462	0	0	1168.0	847.0

2019-03-06-16-24-31-273	9463	0	1	1168.0	847.0

2019-03-06-16-24-31-531	9464	0	0	1718.0	404.0

2019-03-06-16-24-31-579	9465	0	1	1718.0	404.0

2019-03-06-16-24-31-711	9466	0	0	1457.0	177.0

2019-03-06-16-24-31-763	9467	0	1	1447.0	186.0

2019-03-06-16-24-31-894	9468	0	0	1546.0	342.0

2019-03-06-16-24-31-984	9469	0	1	1546.0	342.0

2019-03-06-16-24-32-033	9470	0	0	472.0	160.0

2019-03-06-16-24-32-122	9471	0	1	472.0	160.0

2019-03-06-16-24-32-214	9472	0	0	1132.0	876.0

2019-03-06-16-24-32-311	9473	0	1	1132.0	876.0

2019-03-06-16-24-32-496	9474	0	0	1519.0	644.0

2019-03-06-16-24-32-597	9475	0	1	1519.0	644.0

2019-03-06-16-24-32-778	9476	0	0	483.0	178.0

2019-03-06-16-24-32-828	9477	0	1	483.0	178.0

2019-03-06-16-24-32-922	9478	0	0	1150.0	922.0

2019-03-06-16-24-32-975	9479	0	1	1151.0	906.0

2019-03-06-16-24-33-199	9480	0	0	1367.0	172.0

2019-03-06-16-24-33-297	9481	0	1	1367.0	172.0

2019-03-06-16-24-33-514	9482	0	0	1122.0	886.0

2019-03-06-16-24-33-647	9483	0	1	1145.3806	879.17474

2019-03-06-16-24-34-121	9484	0	0	1208.0	420.0

2019-03-06-16-24-34-210	9485	0	1	1200.0	422.0

2019-03-06-16-24-34-344	9486	0	0	161.0	358.0

2019-03-06-16-24-34-477	9487	0	1	161.0	358.0

2019-03-06-16-24-34-613	9488	0	0	847.0	221.0

2019-03-06-16-24-34-753	9489	0	1	847.0	221.0

2019-03-06-16-24-34-807	9490	0	0	512.0	174.0

2019-03-06-16-24-34-908	9491	0	1	512.0	174.0

2019-03-06-16-24-34-963	9492	0	0	1018.0	814.0

2019-03-06-16-24-35-063	9493	0	1	1018.0	814.0

2019-03-06-16-24-35-296	9494	0	0	1481.0	584.0

2019-03-06-16-24-35-395	9495	0	1	1501.9072	586.3814

2019-03-06-16-24-35-494	9496	0	0	1046.0	142.0

2019-03-06-16-24-35-585	9497	0	1	1046.0	142.0

2019-03-06-16-24-35-831	9498	0	0	434.0	348.0

2019-03-06-16-24-35-885	9499	0	1	434.0	348.0

2019-03-06-16-24-35-992	9500	0	0	455.0	161.0

2019-03-06-16-24-36-095	9501	0	1	455.0	161.0

2019-03-06-16-24-36-104	9502	0	0	1709.0	366.0

2019-03-06-16-24-36-212	9503	0	1	1674.0	396.0

2019-03-06-16-24-36-363	9504	0	0	737.0	387.0

2019-03-06-16-24-36-469	9505	0	1	737.0	387.0

2019-03-06-16-24-36-530	9506	0	0	1179.0	864.0

2019-03-06-16-24-36-590	9507	0	1	1191.0	816.0

2019-03-06-16-24-36-806	9508	0	0	1422.0	213.0

2019-03-06-16-24-36-908	9509	0	1	1422.0	213.0

2019-03-06-16-24-37-113	9510	0	0	1161.0	921.0

2019-03-06-16-24-37-181	9511	0	1	1161.0	921.0

2019-03-06-16-24-37-334	9512	0	0	668.0	196.0

2019-03-06-16-24-37-391	9513	0	1	668.0	196.0

2019-03-06-16-24-37-494	9514	0	0	559.0	160.0

2019-03-06-16-24-37-603	9515	0	1	543.0	169.0

2019-03-06-16-24-37-750	9516	0	0	241.0	346.0

2019-03-06-16-24-37-850	9517	0	1	241.0	346.0

2019-03-06-16-24-37-913	9518	0	0	1713.0	405.0

2019-03-06-16-24-38-110	9519	0	1	1701.0	420.0

2019-03-06-16-24-38-346	9520	0	0	1036.0	187.0

2019-03-06-16-24-38-410	9521	0	1	1036.0	187.0

2019-03-06-16-24-38-565	9522	0	0	1110.0	904.0

2019-03-06-16-24-38-615	9523	0	1	1110.0	904.0

2019-03-06-16-24-38-770	9524	0	0	286.0	144.0

2019-03-06-16-24-38-823	9525	0	1	286.0	144.0

2019-03-06-16-24-38-978	9526	0	0	124.0	319.0

2019-03-06-16-24-39-033	9527	0	1	130.75113	341.8778

2019-03-06-16-24-39-092	9528	0	0	1328.0	622.0

2019-03-06-16-24-39-153	9529	0	1	1322.0	639.0

2019-03-06-16-24-39-312	9530	0	0	816.0	186.0

2019-03-06-16-24-39-368	9531	0	1	816.0	186.0

2019-03-06-16-24-39-426	9532	0	0	1101.0	833.0

2019-03-06-16-24-39-530	9533	0	1	1108.0	822.0

2019-03-06-16-24-39-642	9534	0	0	839.0	190.0

2019-03-06-16-24-39-696	9535	0	1	839.0	190.0

2019-03-06-16-24-39-801	9536	0	0	1647.0	196.0

2019-03-06-16-24-39-898	9537	0	1	1647.0	196.0

2019-03-06-16-24-40-094	9538	0	0	1158.0	876.0

2019-03-06-16-24-40-199	9539	0	1	1158.0	876.0

2019-03-06-16-24-40-528	9540	0	0	1559.0	423.0

2019-03-06-16-24-40-583	9541	0	1	1559.0	423.0

2019-03-06-16-24-40-725	9542	0	0	1449.0	176.0

2019-03-06-16-24-40-826	9543	0	1	1449.0	176.0

2019-03-06-16-24-41-019	9544	0	0	1671.0	441.0

2019-03-06-16-24-41-256	9545	0	1	1683.0	445.0

2019-03-06-16-24-41-495	9546	0	0	1149.0	919.0

2019-03-06-16-24-41-636	9547	0	1	1149.0	919.0

2019-03-06-16-24-41-844	9548	0	0	1512.0	595.0

2019-03-06-16-24-41-951	9549	0	1	1512.0	595.0

2019-03-06-16-24-42-065	9550	0	0	1010.0	214.0

2019-03-06-16-24-42-164	9551	0	1	1005.0	225.0

2019-03-06-16-24-42-223	9552	0	0	1169.0	792.0

2019-03-06-16-24-42-328	9553	0	1	1179.0	783.0

2019-03-06-16-24-42-435	9554	0	0	389.0	392.0

2019-03-06-16-24-42-491	9555	0	1	389.0	392.0

2019-03-06-16-24-42-599	9556	0	0	443.0	201.0

2019-03-06-16-24-42-705	9557	0	1	443.0	201.0

2019-03-06-16-24-42-714	9558	0	0	1705.0	350.0

2019-03-06-16-24-42-818	9559	0	1	1623.0	398.0

2019-03-06-16-24-42-929	9560	0	0	770.0	390.0

2019-03-06-16-24-43-037	9561	0	1	770.0	390.0

2019-03-06-16-24-43-098	9562	0	0	1178.0	850.0

2019-03-06-16-24-43-203	9563	0	1	1176.0	826.0

2019-03-06-16-24-43-356	9564	0	0	1387.0	221.0

2019-03-06-16-24-43-474	9565	0	1	1388.0	190.0

2019-03-06-16-24-43-791	9566	0	0	862.0	413.0

2019-03-06-16-24-43-901	9567	0	1	826.0	419.0

2019-03-06-16-24-44-056	9568	0	0	1161.0	844.0

2019-03-06-16-24-44-117	9569	0	1	1159.0	823.0

2019-03-06-16-24-44-318	9570	0	0	1388.0	221.0

2019-03-06-16-24-44-419	9571	0	1	1388.0	221.0

2019-03-06-16-24-44-609	9572	0	0	1158.0	798.0

2019-03-06-16-24-44-730	9573	0	1	1158.0	798.0

2019-03-06-16-24-44-839	9574	0	0	751.0	626.0

2019-03-06-16-24-44-908	9575	0	1	751.0	626.0

2019-03-06-16-24-45-018	9576	0	0	1580.0	199.0

2019-03-06-16-24-45-139	9577	0	1	1590.0	175.0

2019-03-06-16-24-45-304	9578	0	0	1230.0	206.0

2019-03-06-16-24-45-419	9579	0	1	1230.0	206.0

2019-03-06-16-24-45-576	9580	0	0	1637.0	367.0

2019-03-06-16-24-45-683	9581	0	1	1646.0	395.0

2019-03-06-16-24-45-798	9582	0	0	537.0	396.0

2019-03-06-16-24-45-858	9583	0	1	537.0	396.0

2019-03-06-16-24-45-970	9584	0	0	1184.0	784.0

2019-03-06-16-24-46-077	9585	0	1	1184.0	784.0

2019-03-06-16-24-46-463	9586	0	0	1500.0	412.0

2019-03-06-16-24-46-523	9587	0	1	1500.0	412.0

2019-03-06-16-24-46-630	9588	0	0	1402.0	199.0

2019-03-06-16-24-46-745	9589	0	1	1402.0	199.0

2019-03-06-16-24-46-911	9590	0	0	1700.0	407.0

2019-03-06-16-24-46-969	9591	0	1	1700.0	407.0

2019-03-06-16-24-47-068	9592	0	0	1695.0	433.0

2019-03-06-16-24-47-126	9593	0	1	1695.0	433.0

2019-03-06-16-24-47-330	9594	0	0	1164.0	774.0

2019-03-06-16-24-47-440	9595	0	1	1164.0	774.0

2019-03-06-16-24-47-640	9596	0	0	1570.0	562.0

2019-03-06-16-24-47-694	9597	0	1	1570.0	562.0

2019-03-06-16-24-47-933	9598	0	0	1118.0	177.0

2019-03-06-16-24-48-038	9599	0	1	1118.0	177.0

2019-03-06-16-24-48-091	9600	0	0	411.0	387.0

2019-03-06-16-24-48-149	9601	0	1	411.0	387.0

2019-03-06-16-24-48-309	9602	0	0	461.0	183.0

2019-03-06-16-24-48-364	9603	0	1	461.0	183.0

2019-03-06-16-24-48-418	9604	0	0	1720.0	341.0

2019-03-06-16-24-48-524	9605	0	1	1720.0	341.0

2019-03-06-16-24-48-627	9606	0	0	704.0	386.0

2019-03-06-16-24-48-690	9607	0	1	704.0	386.0

2019-03-06-16-24-48-744	9608	0	0	1175.0	747.0

2019-03-06-16-24-48-808	9609	0	1	1176.0	738.0

2019-03-06-16-24-49-044	9610	0	0	1691.0	164.0

2019-03-06-16-24-49-147	9611	0	1	1666.925	169.82999

2019-03-06-16-24-49-357	9612	0	0	1372.0	614.0

2019-03-06-16-24-49-461	9613	0	1	1372.0	614.0

2019-03-06-16-24-49-559	9614	0	0	512.0	178.0

2019-03-06-16-24-49-660	9615	0	1	512.0	178.0

2019-03-06-16-24-49-715	9616	0	0	1164.0	880.0

2019-03-06-16-24-49-769	9617	0	1	1164.0	880.0

2019-03-06-16-24-49-830	9618	0	0	581.0	365.0

2019-03-06-16-24-49-936	9619	0	1	571.0	369.0

2019-03-06-16-24-50-088	9620	0	0	134.0	369.0

2019-03-06-16-24-50-189	9621	0	5	1046.0	166.0

2019-03-06-16-24-50-249	9622	0	6	134.0	369.0

2019-03-06-16-24-50-311	9623	0	1	1042.0	166.0

2019-03-06-16-24-50-513	9624	0	0	1117.0	913.0

2019-03-06-16-24-50-618	9625	0	1	1117.0	913.0

2019-03-06-16-24-51-516	9626	0	0	1627.0	180.0

2019-03-06-16-24-51-612	9627	0	1	1627.0	180.0

2019-03-06-16-24-51-945	9628	0	0	1415.0	215.0

2019-03-06-16-24-52-044	9629	0	1	1415.0	215.0

2019-03-06-16-24-52-233	9630	0	0	1151.0	900.0

2019-03-06-16-24-52-335	9631	0	1	1151.0	900.0

2019-03-06-16-24-52-480	9632	0	0	331.0	148.0

2019-03-06-16-24-52-585	9633	0	1	310.0	178.0

2019-03-06-16-24-52-646	9634	0	0	132.0	342.0

2019-03-06-16-24-52-751	9635	0	1	132.0	381.0

2019-03-06-16-24-52-803	9636	0	0	1376.0	572.0

2019-03-06-16-24-52-908	9637	0	1	1376.0	572.0

2019-03-06-16-24-53-148	9638	0	0	861.0	157.0

2019-03-06-16-24-53-410	9639	0	1	854.0	162.0

2019-03-06-16-24-53-466	9640	0	0	1112.0	847.0

2019-03-06-16-24-53-613	9641	0	1	1112.0	847.0

2019-03-06-16-24-53-897	9642	0	0	866.0	112.0

2019-03-06-16-24-54-237	9643	0	5	1603.0	155.0

2019-03-06-16-24-54-290	9644	0	6	857.0	122.057556

2019-03-06-16-24-54-573	9645	0	1	1601.0	176.0

2019-03-06-16-24-54-783	9646	0	0	1170.0	875.0

2019-03-06-16-24-54-980	9647	0	1	1175.0	808.0

2019-03-06-16-24-55-359	9648	0	0	516.0	376.0

2019-03-06-16-24-55-458	9649	0	1	516.0	376.0

2019-03-06-16-24-55-601	9650	0	0	1426.0	218.0

2019-03-06-16-24-55-756	9651	0	1	1426.0	218.0

2019-03-06-16-24-55-857	9652	0	0	480.0	170.0

2019-03-06-16-24-56-050	9653	0	1	480.0	170.0

2019-03-06-16-24-56-058	9654	0	0	1169.0	758.0

2019-03-06-16-24-56-202	9655	0	1	1169.0	758.0

2019-03-06-16-24-56-857	9656	0	0	1192.0	937.0

2019-03-06-16-24-56-959	9657	0	1	1192.0	937.0

2019-03-06-16-24-57-493	9658	0	0	1799.0	172.0

2019-03-06-16-24-57-596	9659	0	1	1767.0	188.0

2019-03-06-16-24-57-701	9660	0	0	411.0	132.0

2019-03-06-16-24-57-810	9661	0	1	436.0	141.0

2019-03-06-16-24-57-819	9662	0	0	1610.0	162.0

2019-03-06-16-24-57-921	9663	0	1	1610.0	166.0

2019-03-06-16-24-58-026	9664	0	0	1844.0	176.0

2019-03-06-16-24-58-080	9665	0	1	1844.0	192.0

2019-03-06-16-24-58-185	9666	0	0	1730.0	411.0

2019-03-06-16-24-58-244	9667	0	1	1717.0273	433.28766

2019-03-06-16-24-58-347	9668	0	0	505.0	164.0

2019-03-06-16-24-58-403	9669	0	1	505.0	164.0

2019-03-06-16-24-58-505	9670	0	0	1181.0	809.0

2019-03-06-16-24-58-625	9671	0	1	1181.0	809.0

2019-03-06-16-24-58-729	9672	0	0	304.0	162.0

2019-03-06-16-24-58-784	9673	0	1	304.0	162.0

2019-03-06-16-24-58-935	9674	0	0	133.0	384.0

2019-03-06-16-24-59-046	9675	0	5	1384.0	608.0

2019-03-06-16-24-59-055	9676	0	6	133.0	384.0

2019-03-06-16-24-59-111	9677	0	1	1383.0	612.0

2019-03-06-16-24-59-286	9678	0	0	851.0	205.0

2019-03-06-16-24-59-396	9679	0	1	851.0	205.0

2019-03-06-16-24-59-451	9680	0	0	1184.0	838.0

2019-03-06-16-24-59-511	9681	0	1	1184.0	838.0

2019-03-06-16-25-00-519	9682	0	0	1568.0	616.0

2019-03-06-16-25-00-580	9683	0	1	1568.0	616.0

2019-03-06-16-25-00-641	9684	0	0	393.0	174.0

2019-03-06-16-25-00-698	9685	0	1	393.0	174.0

2019-03-06-16-25-00-943	9686	0	0	1247.0	864.0

2019-03-06-16-25-01-000	9687	0	1	1247.0	864.0

2019-03-06-16-25-01-370	9688	0	0	841.0	178.0

2019-03-06-16-25-01-426	9689	0	1	841.0	178.0

2019-03-06-16-25-01-480	9690	0	0	1677.0	134.0

2019-03-06-16-25-01-592	9691	0	1	1667.0	167.0

2019-03-06-16-25-01-696	9692	0	0	1234.0	803.0

2019-03-06-16-25-01-804	9693	0	1	1234.0	803.0

2019-03-06-16-25-01-859	9694	0	0	544.0	389.0

2019-03-06-16-25-01-913	9695	0	1	544.0	389.0

2019-03-06-16-25-02-016	9696	0	0	1627.0	172.0

2019-03-06-16-25-02-070	9697	0	1	1643.0	202.0

2019-03-06-16-25-02-287	9698	0	0	1205.0	914.0

2019-03-06-16-25-02-341	9699	0	1	1193.0	884.0

2019-03-06-16-25-02-544	9700	0	0	1391.0	217.0

2019-03-06-16-25-02-602	9701	0	1	1433.0	202.0

2019-03-06-16-25-02-856	9702	0	0	1148.0	820.0

2019-03-06-16-25-02-958	9703	0	1	1148.0	820.0

2019-03-06-16-25-03-445	9704	0	0	697.0	162.0

2019-03-06-16-25-03-594	9705	0	1	706.0	155.0

2019-03-06-16-25-03-650	9706	0	0	504.0	142.0

2019-03-06-16-25-03-710	9707	0	1	504.0	142.0

2019-03-06-16-25-03-913	9708	0	0	153.0	318.0

2019-03-06-16-25-03-978	9709	0	1	114.0	332.0

2019-03-06-16-25-04-029	9710	0	0	1698.0	433.0

2019-03-06-16-25-04-084	9711	0	1	1698.0	433.0

2019-03-06-16-25-04-188	9712	0	0	1730.0	416.0

2019-03-06-16-25-04-245	9713	0	1	1730.0	416.0

2019-03-06-16-25-04-497	9714	0	0	1012.0	209.0

2019-03-06-16-25-04-559	9715	0	1	1012.0	209.0

2019-03-06-16-25-04-627	9716	0	0	1199.0	829.0

2019-03-06-16-25-04-744	9717	0	1	1199.0	829.0

2019-03-06-16-25-05-223	9718	0	0	291.0	196.0

2019-03-06-16-25-05-279	9719	0	1	291.0	196.0

2019-03-06-16-25-05-424	9720	0	0	110.0	358.0

2019-03-06-16-25-05-476	9721	0	1	110.0	358.0

2019-03-06-16-25-05-535	9722	0	0	1456.0	632.0

2019-03-06-16-25-05-636	9723	0	1	1456.0	632.0

2019-03-06-16-25-05-705	9724	0	0	833.0	225.0

2019-03-06-16-25-05-852	9725	0	1	833.0	225.0

2019-03-06-16-25-05-906	9726	0	0	1221.0	845.0

2019-03-06-16-25-06-006	9727	0	1	1221.0	845.0

2019-03-06-16-25-06-256	9728	0	0	818.0	131.0

2019-03-06-16-25-06-311	9729	0	5	1677.0	203.0

2019-03-06-16-25-06-321	9730	0	6	818.0	131.0

2019-03-06-16-25-06-421	9731	0	1	1672.0	206.0

2019-03-06-16-25-06-607	9732	0	0	1178.0	869.0

2019-03-06-16-25-06-663	9733	0	1	1179.0	857.0

2019-03-06-16-25-06-851	9734	0	0	545.0	371.0

2019-03-06-16-25-06-917	9735	0	1	545.0	371.0

2019-03-06-16-25-06-926	9736	0	0	1486.0	135.0

2019-03-06-16-25-06-991	9737	0	1	1486.0	145.0

2019-03-06-16-25-07-113	9738	0	0	492.0	137.0

2019-03-06-16-25-07-228	9739	0	1	492.0	137.0

2019-03-06-16-25-07-286	9740	0	0	1164.0	962.0

2019-03-06-16-25-07-406	9741	0	1	1181.6504	856.8957

2019-03-06-16-25-07-567	9742	0	0	1454.0	135.0

2019-03-06-16-25-07-675	9743	0	1	1454.0	135.0

2019-03-06-16-25-07-888	9744	0	0	1138.0	871.0

2019-03-06-16-25-08-001	9745	0	1	1138.0	871.0

2019-03-06-16-25-08-172	9746	0	0	117.0	367.0

2019-03-06-16-25-08-293	9747	0	1	117.0	367.0

2019-03-06-16-25-08-303	9748	0	0	1552.0	591.0

2019-03-06-16-25-08-367	9749	0	1	1552.0	591.0

2019-03-06-16-25-08-535	9750	0	0	1193.0	860.0

2019-03-06-16-25-08-594	9751	0	1	1193.0	860.0

2019-03-06-16-25-08-800	9752	0	0	826.0	186.0

2019-03-06-16-25-08-903	9753	0	1	829.0	195.0

2019-03-06-16-25-08-964	9754	0	0	1157.0	369.0

2019-03-06-16-25-09-073	9755	0	1	1141.0	397.0

2019-03-06-16-25-09-144	9756	0	0	500.0	196.0

2019-03-06-16-25-09-210	9757	0	1	500.0	196.0

2019-03-06-16-25-09-274	9758	0	0	1103.0	798.0

2019-03-06-16-25-09-339	9759	0	1	1103.0	798.0

2019-03-06-16-25-09-465	9760	0	0	267.0	151.0

2019-03-06-16-25-09-542	9761	0	1	273.0	167.0

2019-03-06-16-25-09-605	9762	0	0	1631.0	159.0

2019-03-06-16-25-09-716	9763	0	1	1631.0	159.0

2019-03-06-16-25-09-776	9764	0	0	606.0	130.0

2019-03-06-16-25-09-840	9765	0	1	599.0	173.0

2019-03-06-16-25-09-956	9766	0	0	365.0	350.0

2019-03-06-16-25-10-018	9767	0	1	365.0	350.0

2019-03-06-16-25-10-183	9768	0	0	812.0	184.0

2019-03-06-16-25-10-242	9769	0	1	812.0	184.0

2019-03-06-16-25-10-297	9770	0	0	1136.0	837.0

2019-03-06-16-25-10-398	9771	0	1	1130.0	790.0

2019-03-06-16-25-10-451	9772	0	0	417.0	384.0

2019-03-06-16-25-10-559	9773	0	1	417.0	384.0

2019-03-06-16-25-10-675	9774	0	0	839.0	166.0

2019-03-06-16-25-10-730	9775	0	1	839.0	166.0

2019-03-06-16-25-10-800	9776	0	0	1231.0	161.0

2019-03-06-16-25-10-916	9777	0	1	1229.0	171.0

2019-03-06-16-25-10-977	9778	0	0	574.0	394.0

2019-03-06-16-25-11-039	9779	0	1	574.0	394.0

2019-03-06-16-25-11-098	9780	0	0	411.0	198.0

2019-03-06-16-25-11-203	9781	0	1	411.0	198.0

2019-03-06-16-25-11-263	9782	0	0	1315.0	588.0

2019-03-06-16-25-11-322	9783	0	1	1315.0	588.0

2019-03-06-16-25-11-387	9784	0	0	782.0	140.0

2019-03-06-16-25-11-494	9785	0	1	782.0	140.0

2019-03-06-16-25-11-558	9786	0	0	1168.0	846.0

2019-03-06-16-25-11-622	9787	0	1	1172.0	834.0

2019-03-06-16-25-11-888	9788	0	0	1424.0	162.0

2019-03-06-16-25-11-944	9789	0	1	1424.0	162.0

2019-03-06-16-25-12-144	9790	0	0	1346.0	616.0

2019-03-06-16-25-12-198	9791	0	1	1343.6305	639.064

2019-03-06-16-25-12-349	9792	0	0	1189.0	893.0

2019-03-06-16-25-12-410	9793	0	1	1163.0	847.0

2019-03-06-16-25-12-525	9794	0	0	1205.0	380.0

2019-03-06-16-25-12-637	9795	0	1	1205.0	380.0

2019-03-06-16-25-12-794	9796	0	0	480.0	159.0

2019-03-06-16-25-12-903	9797	0	1	480.0	159.0

2019-03-06-16-25-13-023	9798	0	0	689.0	206.0

2019-03-06-16-25-13-084	9799	0	1	689.0	206.0

2019-03-06-16-25-13-242	9800	0	0	497.0	166.0

2019-03-06-16-25-13-461	9801	0	1	493.99048	172.01903

2019-03-06-16-25-13-569	9802	0	0	1135.0	819.0

2019-03-06-16-25-13-727	9803	0	1	1133.0	819.0

2019-03-06-16-25-14-212	9804	0	0	48.0	135.0

2019-03-06-16-25-14-344	9805	0	1	48.0	135.0

2019-03-06-16-25-14-507	9806	0	0	1264.0	194.0

2019-03-06-16-25-14-621	9807	0	1	1264.0	194.0

2019-03-06-16-25-14-683	9808	0	0	1477.0	184.0

2019-03-06-16-25-14-803	9809	0	1	1475.0	202.0

2019-03-06-16-25-14-917	9810	0	0	863.0	157.0

2019-03-06-16-25-15-033	9811	0	1	832.0	158.0

2019-03-06-16-25-15-138	9812	0	0	1143.0	749.0

2019-03-06-16-25-15-237	9813	0	1	1143.0	749.0

2019-03-06-16-25-15-841	9814	0	0	863.0	172.0

2019-03-06-16-25-15-907	9815	0	1	863.0	172.0

2019-03-06-16-25-15-967	9816	0	0	1379.0	174.0

2019-03-06-16-25-16-033	9817	0	1	1379.0	174.0

2019-03-06-16-25-16-161	9818	0	0	1328.0	597.0

2019-03-06-16-25-16-226	9819	0	1	1328.0	597.0

2019-03-06-16-25-16-285	9820	0	0	896.0	381.0

2019-03-06-16-25-16-342	9821	0	1	896.0	381.0

2019-03-06-16-25-16-411	9822	0	0	1167.0	890.0

2019-03-06-16-25-16-472	9823	0	1	1167.0	890.0

2019-03-06-16-25-16-533	9824	0	0	895.0	191.0

2019-03-06-16-25-16-641	9825	0	5	1193.0	397.0

2019-03-06-16-25-16-650	9826	0	6	895.0	191.0

2019-03-06-16-25-16-766	9827	0	1	1164.0	361.0

2019-03-06-16-25-16-839	9828	0	0	507.0	201.0

2019-03-06-16-25-16-954	9829	0	1	497.0	196.0

2019-03-06-16-25-17-016	9830	0	0	1124.0	824.0

2019-03-06-16-25-17-025	9831	0	1	1124.0	824.0

2019-03-06-16-25-17-175	9832	0	0	1286.0	181.0

2019-03-06-16-25-17-234	9833	0	1	1286.0	181.0

2019-03-06-16-25-17-394	9834	0	0	1380.0	630.0

2019-03-06-16-25-17-455	9835	0	1	1380.0	630.0

2019-03-06-16-25-17-556	9836	0	0	1391.0	220.0

2019-03-06-16-25-17-662	9837	0	1	1384.0	207.0

2019-03-06-16-25-17-671	9838	0	0	890.0	599.0

2019-03-06-16-25-17-730	9839	0	1	885.86487	599.0

2019-03-06-16-25-17-904	9840	0	0	475.0	174.0

2019-03-06-16-25-17-966	9841	0	1	475.0	174.0

2019-03-06-16-25-18-027	9842	0	0	708.0	179.0

2019-03-06-16-25-18-084	9843	0	1	708.0	179.0

2019-03-06-16-25-18-192	9844	0	0	328.0	323.0

2019-03-06-16-25-18-253	9845	0	5	1447.0	171.0

2019-03-06-16-25-18-262	9846	0	6	309.0	344.0

2019-03-06-16-25-18-370	9847	0	1	1448.0	181.0

2019-03-06-16-25-18-490	9848	0	0	788.0	206.0

2019-03-06-16-25-18-553	9849	0	1	788.0	206.0

2019-03-06-16-25-18-614	9850	0	0	959.0	183.0

2019-03-06-16-25-18-675	9851	0	1	965.0	193.0

2019-03-06-16-25-18-735	9852	0	0	1178.0	909.0

2019-03-06-16-25-18-795	9853	0	1	1173.0	815.0

2019-03-06-16-25-18-904	9854	0	0	1438.0	145.0

2019-03-06-16-25-19-012	9855	0	1	1438.0	145.0

2019-03-06-16-25-19-168	9856	0	0	1352.0	702.0

2019-03-06-16-25-19-221	9857	0	1	1352.0	702.0

2019-03-06-16-25-19-375	9858	0	0	1223.0	882.0

2019-03-06-16-25-19-437	9859	0	1	1183.0	878.0

2019-03-06-16-25-19-662	9860	0	0	1663.0	166.0

2019-03-06-16-25-19-765	9861	0	1	1663.0	166.0

2019-03-06-16-25-19-921	9862	0	0	1292.0	662.0

2019-03-06-16-25-19-985	9863	0	1	1292.0	683.70795

2019-03-06-16-25-20-043	9864	0	0	432.0	158.0

2019-03-06-16-25-20-147	9865	0	1	424.0	163.0

2019-03-06-16-25-20-205	9866	0	0	1154.0	875.0

2019-03-06-16-25-20-260	9867	0	1	1154.0	875.0

2019-03-06-16-25-20-659	9868	0	0	1614.0	176.0

2019-03-06-16-25-20-759	9869	0	1	1614.0	176.0

2019-03-06-16-25-20-876	9870	0	0	750.0	387.0

2019-03-06-16-25-20-938	9871	0	1	750.0	387.0

2019-03-06-16-25-21-002	9872	0	0	1176.0	867.0

2019-03-06-16-25-21-058	9873	0	1	1171.0	855.0

2019-03-06-16-25-21-120	9874	0	0	869.0	210.0

2019-03-06-16-25-21-192	9875	0	1	869.0	210.0

2019-03-06-16-25-21-265	9876	0	0	1172.0	395.0

2019-03-06-16-25-21-379	9877	0	1	1172.0	395.0

2019-03-06-16-25-21-437	9878	0	0	475.0	172.0

2019-03-06-16-25-21-541	9879	0	1	475.0	172.0

2019-03-06-16-25-21-603	9880	0	0	1125.0	824.0

2019-03-06-16-25-21-755	9881	0	1	1125.0	824.0

2019-03-06-16-25-22-144	9882	0	0	1653.0	216.0

2019-03-06-16-25-22-206	9883	0	1	1653.0	216.0

2019-03-06-16-25-22-313	9884	0	0	1797.0	163.0

2019-03-06-16-25-22-425	9885	0	1	1782.0	176.0

2019-03-06-16-25-22-535	9886	0	0	850.0	151.0

2019-03-06-16-25-22-645	9887	0	1	850.0	151.0

2019-03-06-16-25-22-653	9888	0	0	1419.0	198.0

2019-03-06-16-25-22-719	9889	0	1	1419.0	198.0

2019-03-06-16-25-22-823	9890	0	0	1652.0	177.0

2019-03-06-16-25-22-885	9891	0	1	1652.0	177.0

2019-03-06-16-25-23-002	9892	0	0	1409.0	575.0

2019-03-06-16-25-23-071	9893	0	1	1391.0	609.0

2019-03-06-16-25-23-134	9894	0	0	413.0	353.0

2019-03-06-16-25-23-192	9895	0	1	413.0	353.0

2019-03-06-16-25-23-252	9896	0	0	1203.0	917.0

2019-03-06-16-25-23-314	9897	0	1	1199.0	898.0

2019-03-06-16-25-23-429	9898	0	0	1474.0	124.0

2019-03-06-16-25-23-528	9899	0	1	1451.0461	138.56311

2019-03-06-16-25-23-727	9900	0	0	1197.0	859.0

2019-03-06-16-25-23-786	9901	0	1	1197.0	859.0

2019-03-06-16-25-23-841	9902	0	0	764.0	589.0

2019-03-06-16-25-23-908	9903	0	1	764.0	589.0

2019-03-06-16-25-24-016	9904	0	0	153.0	382.0

2019-03-06-16-25-24-136	9905	0	5	1363.0	637.0

2019-03-06-16-25-24-146	9906	0	6	153.0	382.0

2019-03-06-16-25-24-203	9907	0	1	1358.0	648.0

2019-03-06-16-25-24-314	9908	0	0	1111.0	731.0

2019-03-06-16-25-24-417	9909	0	1	1099.0	778.0

2019-03-06-16-25-24-618	9910	0	0	1177.0	371.0

2019-03-06-16-25-24-713	9911	0	1	1177.0	371.0

2019-03-06-16-25-24-723	9912	0	0	502.0	146.0

2019-03-06-16-25-24-793	9913	0	1	502.0	146.0

2019-03-06-16-25-25-001	9914	0	0	181.0	384.0

2019-03-06-16-25-25-115	9915	0	1	192.0	384.0

2019-03-06-16-25-25-169	9916	0	0	991.0	608.0

2019-03-06-16-25-25-230	9917	0	1	991.0	608.0

2019-03-06-16-25-25-301	9918	0	0	575.0	203.0

2019-03-06-16-25-25-356	9919	0	1	575.0	203.0

2019-03-06-16-25-25-498	9920	0	0	1107.0	869.0

2019-03-06-16-25-25-742	9921	0	1	1088.0	851.0

2019-03-06-16-25-26-013	9922	0	0	633.0	423.0

2019-03-06-16-25-26-150	9923	0	1	632.0	444.0

2019-03-06-16-25-26-251	9924	0	0	1232.0	504.0

2019-03-06-16-25-26-395	9925	0	1	1232.0	504.0

2019-03-06-16-25-26-810	9926	0	0	708.0	273.0

2019-03-06-16-25-26-912	9927	0	1	708.0	273.0

2019-03-06-16-25-26-966	9928	0	0	1166.0	462.0

2019-03-06-16-25-27-103	9929	0	1	1166.0	462.0

2019-03-06-16-25-27-386	9930	0	0	616.0	234.0

2019-03-06-16-25-27-483	9931	0	1	581.0	258.0

2019-03-06-16-25-27-541	9932	0	0	1265.0	427.0

2019-03-06-16-25-27-594	9933	0	1	1265.0	427.0

2019-03-06-16-25-27-691	9934	0	0	435.0	250.0

2019-03-06-16-25-27-786	9935	0	1	433.0	258.0

2019-03-06-16-25-27-838	9936	0	0	1586.0	244.0

2019-03-06-16-25-27-934	9937	0	1	1586.0	244.0

2019-03-06-16-25-28-029	9938	0	0	575.0	540.0

2019-03-06-16-25-28-134	9939	0	1	575.0	540.0

2019-03-06-16-25-28-237	9940	0	0	1298.0	301.0

2019-03-06-16-25-28-375	9941	0	1	1298.0	301.0

2019-03-06-16-25-28-658	9942	0	0	1328.0	174.0

2019-03-06-16-25-28-801	9943	0	1	1334.0	187.0

2019-03-06-16-25-28-810	9944	0	0	567.0	151.0

2019-03-06-16-25-28-909	9945	0	1	567.0	151.0

2019-03-06-16-25-29-050	9946	0	0	1322.0	213.0

2019-03-06-16-25-29-144	9947	0	1	1322.0	213.0

2019-03-06-16-25-29-284	9948	0	0	745.0	291.0

2019-03-06-16-25-29-377	9949	0	5	1157.0	340.0

2019-03-06-16-25-29-430	9950	0	6	745.0	291.0

2019-03-06-16-25-29-486	9951	0	1	1157.0	340.0

2019-03-06-16-25-29-673	9952	0	0	694.0	295.0

2019-03-06-16-25-29-732	9953	0	1	694.0	295.0

2019-03-06-16-25-29-917	9954	0	0	655.0	241.0

2019-03-06-16-25-29-927	9955	0	1	655.0	241.0

2019-03-06-16-25-30-030	9956	0	0	637.0	205.0

2019-03-06-16-25-30-085	9957	0	1	637.0	205.0

2019-03-06-16-25-30-185	9958	0	0	619.0	196.0

2019-03-06-16-25-30-238	9959	0	1	619.0	196.0

2019-03-06-16-25-30-433	9960	0	0	647.0	221.0

2019-03-06-16-25-30-529	9961	0	1	647.0	221.0

2019-03-06-16-25-30-586	9962	0	0	659.0	194.0

2019-03-06-16-25-30-680	9963	0	1	659.0	194.0

2019-03-06-16-25-30-779	9964	0	0	1227.0	311.0

2019-03-06-16-25-30-927	9965	0	1	1227.0	311.0

2019-03-06-16-25-30-982	9966	0	0	766.0	435.0

2019-03-06-16-25-31-088	9967	0	1	766.0	435.0

2019-03-06-16-25-31-142	9968	0	0	1229.0	560.0

2019-03-06-16-25-31-197	9969	0	1	1229.0	560.0

2019-03-06-16-25-31-254	9970	0	0	709.0	567.0

2019-03-06-16-25-31-352	9971	0	1	709.0	567.0

2019-03-06-16-25-31-414	9972	0	0	1407.0	498.0

2019-03-06-16-25-31-513	9973	0	1	1407.0	498.0

2019-03-06-16-25-31-832	9974	0	0	528.0	428.0

2019-03-06-16-25-31-934	9975	0	1	528.0	428.0

2019-03-06-16-25-32-085	9976	0	0	1555.0	392.0

2019-03-06-16-25-32-222	9977	0	1	1555.0	392.0

2019-03-06-16-25-32-596	9978	0	0	1216.0	522.0

2019-03-06-16-25-32-821	9979	0	1	1209.0	517.0

2019-03-06-16-25-33-130	9980	0	0	850.0	370.0

2019-03-06-16-25-33-317	9981	0	1	850.0	370.0

2019-03-06-16-25-33-591	9982	0	0	1247.0	374.0

2019-03-06-16-25-33-688	9983	0	1	1247.0	374.0

2019-03-06-16-25-33-930	9984	0	0	1084.0	406.0

2019-03-06-16-25-34-110	9985	0	1	1084.0	416.13895

2019-03-06-16-25-34-476	9986	0	0	645.0	396.0

2019-03-06-16-25-34-583	9987	0	1	645.0	396.0

2019-03-06-16-25-34-592	9988	0	0	1179.0	502.0

2019-03-06-16-25-34-743	9989	0	1	1184.0	498.0

2019-03-06-16-25-35-450	9990	0	0	1000.0	415.0

2019-03-06-16-25-35-550	9991	0	1	1000.0	424.0

2019-03-06-16-25-35-838	9992	0	0	1384.0	167.0

2019-03-06-16-25-35-979	9993	0	1	1381.0	176.0

2019-03-06-16-25-36-325	9994	0	0	932.0	604.0

2019-03-06-16-25-36-386	9995	0	1	932.0	604.0

2019-03-06-16-25-36-601	9996	0	0	505.0	179.0

2019-03-06-16-25-36-659	9997	0	1	505.0	179.0

2019-03-06-16-25-36-718	9998	0	0	1167.0	844.0

2019-03-06-16-25-36-816	9999	0	1	1167.0	844.0

2019-03-06-16-25-37-039	10000	0	0	1533.0	593.0

2019-03-06-16-25-37-094	10001	0	1	1533.0	593.0

2019-03-06-16-25-37-203	10002	0	0	493.0	162.0

2019-03-06-16-25-37-268	10003	0	1	493.0	162.0

2019-03-06-16-25-37-323	10004	0	0	1176.0	767.0

2019-03-06-16-25-37-384	10005	0	1	1176.0	767.0

2019-03-06-16-25-37-489	10006	0	0	178.0	377.0

2019-03-06-16-25-37-597	10007	0	1	178.0	377.0

2019-03-06-16-25-37-607	10008	0	0	1146.0	864.0

2019-03-06-16-25-37-714	10009	0	1	1146.0	864.0

2019-03-06-16-25-37-819	10010	0	0	1096.0	619.0

2019-03-06-16-25-37-922	10011	0	1	1096.0	619.0

2019-03-06-16-25-38-068	10012	0	0	722.0	194.0

2019-03-06-16-25-38-125	10013	0	1	722.0	194.0

2019-03-06-16-25-38-236	10014	0	0	527.0	152.0

2019-03-06-16-25-38-293	10015	0	1	527.0	152.0

2019-03-06-16-25-38-484	10016	0	0	141.0	374.0

2019-03-06-16-25-38-538	10017	0	5	1495.0	404.0

2019-03-06-16-25-38-547	10018	0	6	141.0	374.0

2019-03-06-16-25-38-605	10019	0	1	1495.0	404.0

2019-03-06-16-25-38-758	10020	0	0	1136.0	888.0

2019-03-06-16-25-38-870	10021	0	1	1133.0	877.0

2019-03-06-16-25-39-082	10022	0	0	1551.0	619.0

2019-03-06-16-25-39-143	10023	0	1	1551.0	619.0

2019-03-06-16-25-39-199	10024	0	0	134.0	345.0

2019-03-06-16-25-39-306	10025	0	1	172.0	366.0

2019-03-06-16-25-39-457	10026	0	0	839.0	175.0

2019-03-06-16-25-39-554	10027	0	1	852.9877	168.01233

2019-03-06-16-25-39-695	10028	0	0	499.0	167.0

2019-03-06-16-25-39-807	10029	0	1	496.0	174.0

2019-03-06-16-25-39-869	10030	0	0	1193.0	860.0

2019-03-06-16-25-39-970	10031	0	1	1193.0	860.0

2019-03-06-16-25-40-163	10032	0	0	722.0	559.0

2019-03-06-16-25-40-173	10033	0	1	705.21954	557.95123

2019-03-06-16-25-40-372	10034	0	0	181.0	463.0

2019-03-06-16-25-40-382	10035	0	1	181.0	463.0

2019-03-06-16-25-40-443	10036	0	0	1548.0	609.0

2019-03-06-16-25-40-499	10037	0	1	1548.0	609.0

2019-03-06-16-25-40-601	10038	0	0	145.0	380.0

2019-03-06-16-25-40-661	10039	0	1	145.0	380.0

2019-03-06-16-25-40-761	10040	0	0	1167.0	626.0

2019-03-06-16-25-40-859	10041	0	1	1153.0	625.0

2019-03-06-16-25-40-964	10042	0	0	690.0	248.0

2019-03-06-16-25-41-023	10043	0	1	690.0	248.0

2019-03-06-16-25-41-083	10044	0	0	1304.0	160.0

2019-03-06-16-25-41-142	10045	0	1	1304.0	160.0

2019-03-06-16-25-41-199	10046	0	0	532.0	453.0

2019-03-06-16-25-41-256	10047	0	1	532.0	453.0

2019-03-06-16-25-41-317	10048	0	0	1017.0	401.0

2019-03-06-16-25-41-428	10049	0	1	993.0	416.0

2019-03-06-16-25-41-485	10050	0	0	455.0	170.0

2019-03-06-16-25-41-542	10051	0	1	455.0	170.0

2019-03-06-16-25-41-598	10052	0	0	1024.0	856.0

2019-03-06-16-25-41-700	10053	0	1	1024.0	833.0

2019-03-06-16-25-41-847	10054	0	0	1407.0	200.0

2019-03-06-16-25-41-966	10055	0	1	1424.0	260.0

2019-03-06-16-25-42-024	10056	0	0	364.0	351.0

2019-03-06-16-25-42-137	10057	0	1	364.0	351.0

2019-03-06-16-25-42-200	10058	0	0	1088.0	864.0

2019-03-06-16-25-42-303	10059	0	1	1076.0	836.0

2019-03-06-16-25-42-452	10060	0	0	1141.0	438.0

2019-03-06-16-25-42-508	10061	0	1	1170.0	424.0

2019-03-06-16-25-42-606	10062	0	0	1603.0	193.0

2019-03-06-16-25-42-752	10063	0	1	1541.0	224.0

2019-03-06-16-25-42-813	10064	0	0	705.0	162.0

2019-03-06-16-25-42-873	10065	0	1	705.0	162.0

2019-03-06-16-25-42-982	10066	0	0	693.0	171.0

2019-03-06-16-25-43-044	10067	0	1	693.0	171.0

2019-03-06-16-25-43-054	10068	0	0	1431.0	146.0

2019-03-06-16-25-43-185	10069	0	1	1356.0	248.0

2019-03-06-16-25-43-246	10070	0	0	1120.0	657.0

2019-03-06-16-25-43-354	10071	0	1	1120.0	657.0

2019-03-06-16-25-43-461	10072	0	0	1618.0	397.0

2019-03-06-16-25-43-568	10073	0	1	1618.0	397.0

2019-03-06-16-25-43-624	10074	0	0	497.0	165.0

2019-03-06-16-25-43-736	10075	0	1	497.0	165.0

2019-03-06-16-25-43-746	10076	0	0	1124.0	870.0

2019-03-06-16-25-43-809	10077	0	1	1124.0	870.0

2019-03-06-16-25-43-961	10078	0	0	1423.0	157.0

2019-03-06-16-25-44-081	10079	0	1	1423.0	157.0

2019-03-06-16-25-44-239	10080	0	0	1110.0	841.0

2019-03-06-16-25-44-346	10081	0	1	1142.0	798.0

2019-03-06-16-25-44-456	10082	0	0	277.0	158.0

2019-03-06-16-25-44-513	10083	0	1	277.0	158.0

2019-03-06-16-25-44-620	10084	0	0	77.0	353.0

2019-03-06-16-25-44-684	10085	0	1	77.0	353.0

2019-03-06-16-25-44-746	10086	0	0	1346.0	604.0

2019-03-06-16-25-44-803	10087	0	1	1346.0	604.0

2019-03-06-16-25-44-914	10088	0	0	830.0	225.0

2019-03-06-16-25-45-019	10089	0	1	830.0	225.0

2019-03-06-16-25-45-028	10090	0	0	1102.0	763.0

2019-03-06-16-25-45-086	10091	0	1	1108.0	743.0

2019-03-06-16-25-45-204	10092	0	0	811.0	179.0

2019-03-06-16-25-45-270	10093	0	1	811.0	179.0

2019-03-06-16-25-45-280	10094	0	0	1633.0	146.0

2019-03-06-16-25-45-391	10095	0	1	1630.6033	168.9836

2019-03-06-16-25-45-503	10096	0	0	1140.0	884.0

2019-03-06-16-25-45-579	10097	0	1	1140.0	884.0

2019-03-06-16-25-45-689	10098	0	0	900.0	369.0

2019-03-06-16-25-45-753	10099	0	1	900.0	369.0

2019-03-06-16-25-45-812	10100	0	0	1682.0	134.0

2019-03-06-16-25-45-875	10101	0	1	1563.0	212.0

2019-03-06-16-25-45-996	10102	0	0	1142.0	886.0

2019-03-06-16-25-46-106	10103	0	1	1142.0	886.0

2019-03-06-16-25-46-160	10104	0	0	1169.0	606.0

2019-03-06-16-25-46-276	10105	0	1	1138.0	590.0

2019-03-06-16-25-46-338	10106	0	0	160.0	423.0

2019-03-06-16-25-46-397	10107	0	1	160.0	423.0

2019-03-06-16-25-46-954	10108	0	0	775.0	641.0

2019-03-06-16-25-47-012	10109	0	1	775.0	641.0

2019-03-06-16-25-47-074	10110	0	0	1497.0	415.0

2019-03-06-16-25-47-134	10111	0	1	1485.8981	428.12744

2019-03-06-16-25-47-292	10112	0	0	1141.0	871.0

2019-03-06-16-25-47-364	10113	0	1	1129.0	844.0

2019-03-06-16-25-47-683	10114	0	0	122.0	386.0

2019-03-06-16-25-47-744	10115	0	1	122.0	386.0

2019-03-06-16-25-47-808	10116	0	0	1354.0	617.0

2019-03-06-16-25-47-868	10117	0	1	1354.0	617.0

2019-03-06-16-25-48-032	10118	0	0	567.0	389.0

2019-03-06-16-25-48-092	10119	0	1	567.0	389.0

2019-03-06-16-25-48-155	10120	0	0	1175.0	842.0

2019-03-06-16-25-48-221	10121	0	1	1167.0	832.0

2019-03-06-16-25-48-372	10122	0	0	1180.0	386.0

2019-03-06-16-25-48-435	10123	0	1	1180.0	386.0

2019-03-06-16-25-48-493	10124	0	0	153.0	366.0

2019-03-06-16-25-48-552	10125	0	1	153.0	366.0

2019-03-06-16-25-48-614	10126	0	0	966.0	625.0

2019-03-06-16-25-48-718	10127	0	1	966.0	625.0

2019-03-06-16-25-48-728	10128	0	0	489.0	187.0

2019-03-06-16-25-48-845	10129	0	1	489.0	187.0

2019-03-06-16-25-48-911	10130	0	0	1053.0	888.0

2019-03-06-16-25-48-976	10131	0	1	1053.0	888.0

2019-03-06-16-25-49-036	10132	0	0	183.0	404.0

2019-03-06-16-25-49-098	10133	0	1	183.0	404.0

2019-03-06-16-25-49-161	10134	0	0	1043.0	836.0

2019-03-06-16-25-49-274	10135	0	1	1043.0	836.0

2019-03-06-16-25-49-335	10136	0	0	686.0	184.0

2019-03-06-16-25-49-442	10137	0	1	677.0	187.0

2019-03-06-16-25-49-506	10138	0	0	452.0	163.0

2019-03-06-16-25-49-564	10139	0	1	452.0	163.0

2019-03-06-16-25-49-724	10140	0	0	332.0	336.0

2019-03-06-16-25-49-836	10141	0	1	364.0	342.0

2019-03-06-16-25-49-996	10142	0	0	822.0	115.0

2019-03-06-16-25-50-111	10143	0	1	822.0	115.0

2019-03-06-16-25-50-224	10144	0	0	1065.0	805.0

2019-03-06-16-25-50-339	10145	0	1	1065.0	805.0

2019-03-06-16-25-50-645	10146	0	0	1023.0	154.0

2019-03-06-16-25-50-748	10147	0	1	1023.0	154.0

2019-03-06-16-25-50-916	10148	0	0	536.0	146.0

2019-03-06-16-25-50-978	10149	0	1	536.0	146.0

2019-03-06-16-25-51-137	10150	0	0	341.0	351.0

2019-03-06-16-25-51-212	10151	0	1	348.0	354.0

2019-03-06-16-25-51-680	10152	0	0	858.0	198.0

2019-03-06-16-25-51-738	10153	0	1	858.0	198.0

2019-03-06-16-25-51-847	10154	0	0	470.0	194.0

2019-03-06-16-25-51-914	10155	0	1	470.0	194.0

2019-03-06-16-25-52-035	10156	0	0	699.0	225.0

2019-03-06-16-25-52-046	10157	0	1	699.0	225.0

2019-03-06-16-25-52-262	10158	0	0	530.0	390.0

2019-03-06-16-25-52-321	10159	0	1	530.0	390.0

2019-03-06-16-25-52-431	10160	0	0	247.0	336.0

2019-03-06-16-25-52-488	10161	0	1	183.0	335.0

2019-03-06-16-25-52-549	10162	0	0	1042.0	172.0

2019-03-06-16-25-52-616	10163	0	1	1042.0	172.0

2019-03-06-16-25-52-774	10164	0	0	1047.0	848.0

2019-03-06-16-25-52-834	10165	0	1	1047.0	848.0

2019-03-06-16-25-52-940	10166	0	0	329.0	162.0

2019-03-06-16-25-53-004	10167	0	1	329.0	162.0

2019-03-06-16-25-53-084	10168	0	0	161.0	357.0

2019-03-06-16-25-53-155	10169	0	1	161.0	357.0

2019-03-06-16-25-53-268	10170	0	0	348.0	377.0

2019-03-06-16-25-53-325	10171	0	1	348.0	377.0

2019-03-06-16-25-53-335	10172	0	0	1078.0	837.0

2019-03-06-16-25-53-401	10173	0	1	1078.0	837.0

2019-03-06-16-25-53-518	10174	0	0	876.0	177.0

2019-03-06-16-25-53-578	10175	0	1	876.0	177.0

2019-03-06-16-25-53-641	10176	0	0	1123.0	347.0

2019-03-06-16-25-53-702	10177	0	1	1123.0	347.0

2019-03-06-16-25-53-765	10178	0	0	590.0	180.0

2019-03-06-16-25-53-878	10179	0	1	597.0	190.0

2019-03-06-16-25-53-887	10180	0	0	1076.0	817.0

2019-03-06-16-25-54-004	10181	0	1	1083.0	804.0

2019-03-06-16-25-54-063	10182	0	0	315.0	168.0

2019-03-06-16-25-54-123	10183	0	1	325.0	177.0

2019-03-06-16-25-54-189	10184	0	0	1495.0	235.0

2019-03-06-16-25-54-305	10185	0	1	1495.0	246.0

2019-03-06-16-25-54-369	10186	0	0	662.0	146.0

2019-03-06-16-25-54-379	10187	0	1	662.0	146.0

2019-03-06-16-25-54-547	10188	0	0	366.0	336.0

2019-03-06-16-25-54-605	10189	0	1	366.0	336.0

2019-03-06-16-25-54-760	10190	0	0	971.0	183.0

2019-03-06-16-25-54-925	10191	0	1	931.0	197.0

2019-03-06-16-25-55-029	10192	0	0	1132.0	852.0

2019-03-06-16-25-55-138	10193	0	1	1132.0	852.0

2019-03-06-16-25-56-505	10194	0	0	1413.0	230.0

2019-03-06-16-25-56-615	10195	0	1	1427.5	198.5

2019-03-06-16-25-56-877	10196	0	0	1167.0	935.0

2019-03-06-16-25-56-938	10197	0	1	1163.0	925.0

2019-03-06-16-25-56-993	10198	0	0	378.0	165.0

2019-03-06-16-25-57-053	10199	0	1	378.0	165.0

2019-03-06-16-25-57-181	10200	0	0	153.0	330.0

2019-03-06-16-25-57-246	10201	0	1	153.0	330.0

2019-03-06-16-25-57-310	10202	0	0	1329.0	639.0

2019-03-06-16-25-57-380	10203	0	1	1329.0	639.0

2019-03-06-16-25-57-439	10204	0	0	807.0	183.0

2019-03-06-16-25-57-504	10205	0	1	807.0	183.0

2019-03-06-16-25-57-564	10206	0	0	1155.0	789.0

2019-03-06-16-25-57-681	10207	0	1	1155.0	789.0

2019-03-06-16-25-57-691	10208	0	0	860.0	157.0

2019-03-06-16-25-57-799	10209	0	1	863.0	189.0

2019-03-06-16-25-57-864	10210	0	0	1641.0	239.0

2019-03-06-16-25-57-925	10211	0	1	1641.0	239.0

2019-03-06-16-25-58-035	10212	0	0	1183.0	791.0

2019-03-06-16-25-58-139	10213	0	1	1183.0	791.0

2019-03-06-16-25-58-200	10214	0	0	543.0	333.0

2019-03-06-16-25-58-259	10215	0	1	543.0	333.0

2019-03-06-16-25-58-368	10216	0	0	1401.0	168.0

2019-03-06-16-25-58-422	10217	0	1	1401.0	168.0

2019-03-06-16-25-58-528	10218	0	0	425.0	178.0

2019-03-06-16-25-58-582	10219	0	1	425.0	178.0

2019-03-06-16-25-58-640	10220	0	0	1129.0	844.0

2019-03-06-16-25-58-804	10221	0	1	1129.0	844.0

2019-03-06-16-25-58-980	10222	0	0	1452.0	179.0

2019-03-06-16-25-59-094	10223	0	1	1452.0	179.0

2019-03-06-16-25-59-203	10224	0	0	1148.0	807.0

2019-03-06-16-25-59-323	10225	0	1	1148.0	807.0

2019-03-06-16-25-59-437	10226	0	0	674.0	178.0

2019-03-06-16-25-59-494	10227	0	1	674.0	178.0

2019-03-06-16-25-59-609	10228	0	0	538.0	182.0

2019-03-06-16-25-59-670	10229	0	1	538.0	182.0

2019-03-06-16-25-59-878	10230	0	0	166.0	356.0

2019-03-06-16-25-59-935	10231	0	1	166.0	356.0

2019-03-06-16-25-59-997	10232	0	0	1674.0	402.0

2019-03-06-16-26-00-202	10233	0	1	1654.0	455.0

2019-03-06-16-26-00-358	10234	0	0	889.0	149.0

2019-03-06-16-26-00-518	10235	0	1	894.33856	160.74487

2019-03-06-16-26-00-753	10236	0	0	1017.0	216.0

2019-03-06-16-26-00-855	10237	0	1	1017.0	216.0

2019-03-06-16-26-00-912	10238	0	0	1149.0	841.0

2019-03-06-16-26-01-030	10239	0	1	1149.0	841.0

2019-03-06-16-26-01-474	10240	0	0	289.0	171.0

2019-03-06-16-26-01-534	10241	0	1	289.0	171.0

2019-03-06-16-26-01-639	10242	0	0	144.0	343.0

2019-03-06-16-26-01-696	10243	0	1	144.0	343.0

2019-03-06-16-26-01-706	10244	0	0	1339.0	618.0

2019-03-06-16-26-01-819	10245	0	1	1339.0	618.0

2019-03-06-16-26-01-880	10246	0	0	899.0	193.0

2019-03-06-16-26-01-987	10247	0	1	899.0	193.0

2019-03-06-16-26-01-996	10248	0	0	1143.0	825.0

2019-03-06-16-26-02-060	10249	0	1	1143.0	825.0

2019-03-06-16-26-02-131	10250	0	0	857.0	148.0

2019-03-06-16-26-02-240	10251	0	5	1605.0	206.0

2019-03-06-16-26-02-250	10252	0	6	850.0	182.0

2019-03-06-16-26-02-314	10253	0	1	1604.0	217.0

2019-03-06-16-26-02-439	10254	0	0	1140.0	839.0

2019-03-06-16-26-02-560	10255	0	1	1143.0	812.0

2019-03-06-16-26-02-570	10256	0	0	595.0	339.0

2019-03-06-16-26-02-686	10257	0	1	595.0	339.0

2019-03-06-16-26-02-746	10258	0	0	1432.0	196.0

2019-03-06-16-26-02-859	10259	0	1	1432.0	196.0

2019-03-06-16-26-02-981	10260	0	0	532.0	204.0

2019-03-06-16-26-03-085	10261	0	1	532.0	204.0

2019-03-06-16-26-03-180	10262	0	0	1124.0	827.0

2019-03-06-16-26-03-404	10263	0	1	1111.0	821.0

2019-03-06-16-26-04-022	10264	0	0	1320.0	212.0

2019-03-06-16-26-04-161	10265	0	1	1327.0	217.0

2019-03-06-16-26-04-260	10266	0	0	722.0	512.0

2019-03-06-16-26-04-356	10267	0	1	722.0	512.0

2019-03-06-16-26-04-411	10268	0	0	1127.0	759.0

2019-03-06-16-26-04-557	10269	0	1	1134.0	744.0

2019-03-06-16-26-04-917	10270	0	0	1615.0	245.0

2019-03-06-16-26-05-013	10271	0	1	1615.0	245.0

2019-03-06-16-26-05-114	10272	0	0	1334.0	622.0

2019-03-06-16-26-05-178	10273	0	5	478.0	267.0

2019-03-06-16-26-05-188	10274	0	6	1334.0	622.0

2019-03-06-16-26-05-289	10275	0	1	478.0	267.0

2019-03-06-16-26-05-349	10276	0	0	1164.0	816.0

2019-03-06-16-26-05-503	10277	0	1	1162.0	809.0

2019-03-06-16-26-05-910	10278	0	0	610.0	586.0

2019-03-06-16-26-06-049	10279	0	1	618.059	587.0074

2019-03-06-16-26-06-058	10280	0	0	1263.0	488.0

2019-03-06-16-26-06-205	10281	0	1	1262.0	504.01154

2019-03-06-16-26-06-520	10282	0	0	585.0	380.0

2019-03-06-16-26-06-659	10283	0	1	585.0	380.0

2019-03-06-16-26-06-758	10284	0	0	1162.0	498.0

2019-03-06-16-26-06-900	10285	0	1	1162.0	496.912

2019-03-06-16-26-07-089	10286	0	0	314.0	327.0

2019-03-06-16-26-07-235	10287	0	1	301.47424	325.95618

2019-03-06-16-26-07-301	10288	0	0	1398.0	359.0

2019-03-06-16-26-07-399	10289	0	1	1405.0	358.0

2019-03-06-16-26-08-277	10290	0	0	529.0	324.0

2019-03-06-16-26-08-369	10291	0	1	521.0	327.0

2019-03-06-16-26-08-378	10292	0	0	1250.0	713.0

2019-03-06-16-26-08-519	10293	0	1	1250.0	713.0

2019-03-06-16-26-08-572	10294	0	0	878.0	521.0

2019-03-06-16-26-08-669	10295	0	1	878.0	521.0

2019-03-06-16-26-08-680	10296	0	0	1581.0	433.0

2019-03-06-16-26-08-787	10297	0	1	1581.0	433.0

2019-03-06-16-26-08-885	10298	0	0	1357.0	317.0

2019-03-06-16-26-08-948	10299	0	1	1357.0	317.0

2019-03-06-16-26-09-002	10300	0	0	411.0	446.0

2019-03-06-16-26-09-097	10301	0	5	1167.0	478.0

2019-03-06-16-26-09-106	10302	0	6	411.0	446.0

2019-03-06-16-26-09-210	10303	0	1	1167.0	478.0

2019-03-06-16-26-09-399	10304	0	0	1118.0	837.0

2019-03-06-16-26-09-584	10305	0	1	1119.0	834.0

2019-03-06-16-26-09-857	10306	0	0	1324.0	222.0

2019-03-06-16-26-09-995	10307	0	1	1336.0	240.0

2019-03-06-16-26-10-096	10308	0	0	406.0	453.0

2019-03-06-16-26-10-241	10309	0	1	406.0	453.0

2019-03-06-16-26-10-298	10310	0	0	1129.0	820.0

2019-03-06-16-26-10-495	10311	0	1	1119.0	806.0

2019-03-06-16-26-10-970	10312	0	0	1112.0	393.0

2019-03-06-16-26-11-032	10313	0	1	1112.0	393.0

2019-03-06-16-26-11-098	10314	0	0	165.0	368.0

2019-03-06-16-26-11-156	10315	0	1	189.0	370.0

2019-03-06-16-26-11-318	10316	0	0	700.0	174.0

2019-03-06-16-26-11-379	10317	0	1	711.0	174.0

2019-03-06-16-26-11-492	10318	0	0	1144.0	808.0

2019-03-06-16-26-11-548	10319	0	1	1144.0	808.0

2019-03-06-16-26-11-706	10320	0	0	541.0	392.0

2019-03-06-16-26-11-760	10321	0	1	541.0	392.0

2019-03-06-16-26-11-912	10322	0	0	1159.0	796.0

2019-03-06-16-26-12-038	10323	0	1	1159.0	796.0

2019-03-06-16-26-12-475	10324	0	0	1445.0	164.0

2019-03-06-16-26-12-587	10325	0	1	1416.0	130.0

2019-03-06-16-26-12-741	10326	0	0	1180.0	806.0

2019-03-06-16-26-12-851	10327	0	1	1180.0	806.0

2019-03-06-16-26-13-007	10328	0	0	1506.0	379.0

2019-03-06-16-26-13-068	10329	0	1	1506.0	379.0

2019-03-06-16-26-13-123	10330	0	0	1336.0	658.0

2019-03-06-16-26-13-183	10331	0	1	1347.0	624.0

2019-03-06-16-26-13-295	10332	0	0	1582.0	210.0

2019-03-06-16-26-13-352	10333	0	1	1582.0	210.0

2019-03-06-16-26-13-413	10334	0	0	320.0	160.0

2019-03-06-16-26-13-471	10335	0	1	320.0	160.0

2019-03-06-16-26-13-526	10336	0	0	1184.0	843.0

2019-03-06-16-26-13-633	10337	0	1	1207.0	815.0

2019-03-06-16-26-13-955	10338	0	0	642.0	167.0

2019-03-06-16-26-14-010	10339	0	1	642.0	167.0

2019-03-06-16-26-14-134	10340	0	0	1458.0	170.0

2019-03-06-16-26-14-293	10341	0	1	1447.5775	194.84496

2019-03-06-16-26-14-442	10342	0	0	890.0	401.0

2019-03-06-16-26-14-494	10343	0	1	890.0	401.0

2019-03-06-16-26-14-553	10344	0	0	1211.0	390.0

2019-03-06-16-26-14-625	10345	0	1	1211.0	390.0

2019-03-06-16-26-14-694	10346	0	0	835.0	185.0

2019-03-06-16-26-14-755	10347	0	1	835.0	185.0

2019-03-06-16-26-16-397	10348	0	0	1405.0	202.0

2019-03-06-16-26-16-493	10349	0	1	1405.0	202.0

2019-03-06-16-26-17-041	10350	0	0	1185.0	860.0

2019-03-06-16-26-17-149	10351	0	1	1185.0	860.0

2019-03-06-16-26-17-387	10352	0	0	748.0	603.0

2019-03-06-16-26-17-493	10353	0	1	757.0	631.0

2019-03-06-16-26-17-548	10354	0	0	1618.0	205.0

2019-03-06-16-26-17-608	10355	0	1	1542.0	213.0

2019-03-06-16-26-17-705	10356	0	0	1262.0	209.0

2019-03-06-16-26-17-809	10357	0	1	1262.0	209.0

2019-03-06-16-26-17-909	10358	0	0	1640.0	449.0

2019-03-06-16-26-18-012	10359	0	1	1640.0	449.0

2019-03-06-16-26-18-069	10360	0	0	573.0	388.0

2019-03-06-16-26-18-178	10361	0	1	573.0	388.0

2019-03-06-16-26-18-187	10362	0	0	1191.0	771.0

2019-03-06-16-26-18-261	10363	0	1	1191.0	771.0

2019-03-06-16-26-18-355	10364	0	0	614.0	394.0

2019-03-06-16-26-18-460	10365	0	1	614.0	394.0

2019-03-06-16-26-18-469	10366	0	0	1428.0	152.0

2019-03-06-16-26-18-573	10367	0	1	1428.0	152.0

2019-03-06-16-26-18-632	10368	0	0	523.0	138.0

2019-03-06-16-26-18-833	10369	0	1	512.7545	163.32133

2019-03-06-16-26-18-891	10370	0	0	1172.0	863.0

2019-03-06-16-26-19-049	10371	0	1	1172.0	863.0

2019-03-06-16-26-19-476	10372	0	0	1441.0	181.0

2019-03-06-16-26-19-620	10373	0	1	1441.0	181.0

2019-03-06-16-26-20-280	10374	0	0	760.0	617.0

2019-03-06-16-26-20-341	10375	0	1	749.0	614.0

2019-03-06-16-26-20-650	10376	0	0	1471.0	169.0

2019-03-06-16-26-20-704	10377	0	1	1471.0	169.0

2019-03-06-16-26-20-896	10378	0	0	762.0	424.0

2019-03-06-16-26-20-998	10379	0	1	762.0	424.0

2019-03-06-16-26-21-058	10380	0	0	1183.0	843.0

2019-03-06-16-26-21-117	10381	0	1	1183.0	843.0

2019-03-06-16-26-21-277	10382	0	0	1446.0	139.0

2019-03-06-16-26-21-394	10383	0	1	1445.0	124.0

2019-03-06-16-26-21-498	10384	0	0	1214.0	697.0

2019-03-06-16-26-21-607	10385	0	5	739.0	638.0

2019-03-06-16-26-21-616	10386	0	6	1193.0	777.0

2019-03-06-16-26-21-678	10387	0	1	741.0	620.0

2019-03-06-16-26-21-837	10388	0	0	172.0	394.0

2019-03-06-16-26-21-939	10389	0	1	172.0	394.0

2019-03-06-16-26-21-948	10390	0	0	1315.0	646.0

2019-03-06-16-26-22-014	10391	0	1	1300.0	661.0

2019-03-06-16-26-22-123	10392	0	0	600.0	413.0

2019-03-06-16-26-22-238	10393	0	1	600.0	413.0

2019-03-06-16-26-22-292	10394	0	0	1483.0	153.0

2019-03-06-16-26-22-397	10395	0	1	1483.0	153.0

2019-03-06-16-26-22-455	10396	0	0	548.0	176.0

2019-03-06-16-26-22-575	10397	0	1	548.0	176.0

2019-03-06-16-26-22-632	10398	0	0	1232.0	868.0

2019-03-06-16-26-22-696	10399	0	1	1232.0	868.0

2019-03-06-16-26-22-937	10400	0	0	1474.0	162.0

2019-03-06-16-26-23-083	10401	0	1	1474.0	162.0

2019-03-06-16-26-23-287	10402	0	0	1218.0	836.0

2019-03-06-16-26-23-406	10403	0	1	1218.0	836.0

2019-03-06-16-26-23-975	10404	0	0	854.0	174.0

2019-03-06-16-26-24-035	10405	0	1	854.0	174.0

2019-03-06-16-26-24-094	10406	0	0	1150.0	401.0

2019-03-06-16-26-24-152	10407	0	1	1135.2811	379.92163

2019-03-06-16-26-24-264	10408	0	0	185.0	345.0

2019-03-06-16-26-24-324	10409	0	5	938.0	186.0

2019-03-06-16-26-24-334	10410	0	6	185.0	345.0

2019-03-06-16-26-24-396	10411	0	1	938.0	186.0

2019-03-06-16-26-24-558	10412	0	0	992.0	925.0

2019-03-06-16-26-24-628	10413	0	1	1000.0	920.0

2019-03-06-16-26-24-695	10414	0	0	346.0	163.0

2019-03-06-16-26-24-813	10415	0	1	346.0	163.0

2019-03-06-16-26-24-875	10416	0	0	1631.0	199.0

2019-03-06-16-26-24-997	10417	0	1	1527.9647	173.80919

2019-03-06-16-26-25-058	10418	0	0	1221.0	195.0

2019-03-06-16-26-25-173	10419	0	1	1221.0	195.0

2019-03-06-16-26-25-324	10420	0	0	1612.0	456.0

2019-03-06-16-26-25-443	10421	0	1	1626.0	483.0

2019-03-06-16-26-25-505	10422	0	0	583.0	354.0

2019-03-06-16-26-25-618	10423	0	5	1161.0	859.0

2019-03-06-16-26-25-628	10424	0	6	589.0	386.0

2019-03-06-16-26-25-693	10425	0	1	1161.0	859.0

2019-03-06-16-26-25-807	10426	0	0	1083.0	565.0

2019-03-06-16-26-25-916	10427	0	1	1083.0	565.0

2019-03-06-16-26-25-926	10428	0	0	499.0	211.0

2019-03-06-16-26-25-998	10429	0	1	499.0	211.0

2019-03-06-16-26-26-059	10430	0	0	1109.0	814.0

2019-03-06-16-26-26-122	10431	0	1	1109.0	814.0

2019-03-06-16-26-26-233	10432	0	0	914.0	412.0

2019-03-06-16-26-26-292	10433	0	1	905.0	406.0

2019-03-06-16-26-26-461	10434	0	0	687.0	194.0

2019-03-06-16-26-26-524	10435	0	1	687.0	194.0

2019-03-06-16-26-26-592	10436	0	0	537.0	186.0

2019-03-06-16-26-26-661	10437	0	1	537.0	186.0

2019-03-06-16-26-26-828	10438	0	0	207.0	366.0

2019-03-06-16-26-26-894	10439	0	1	207.0	366.0

2019-03-06-16-26-27-004	10440	0	0	858.0	244.0

2019-03-06-16-26-27-131	10441	0	1	858.0	244.0

2019-03-06-16-26-27-196	10442	0	0	1127.0	813.0

2019-03-06-16-26-27-262	10443	0	1	1130.0	820.0

2019-03-06-16-26-30-104	10444	0	0	1209.0	450.0

2019-03-06-16-26-30-161	10445	0	1	1209.0	450.0

2019-03-06-16-26-30-309	10446	0	0	527.0	200.0

2019-03-06-16-26-30-367	10447	0	1	527.0	200.0

2019-03-06-16-26-30-668	10448	0	0	1754.0	334.0

2019-03-06-16-26-30-765	10449	0	1	1743.0	373.0

2019-03-06-16-26-30-866	10450	0	0	1815.0	157.0

2019-03-06-16-26-30-918	10451	0	1	1815.0	157.0

2019-03-06-16-26-31-063	10452	0	0	1480.0	253.0

2019-03-06-16-26-31-116	10453	0	1	1479.0	233.0

2019-03-06-16-26-31-255	10454	0	0	1383.0	646.0

2019-03-06-16-26-31-310	10455	0	1	1383.0	646.0

2019-03-06-16-26-31-377	10456	0	0	910.0	363.0

2019-03-06-16-26-31-430	10457	0	1	910.0	363.0

2019-03-06-16-26-31-482	10458	0	0	1227.0	879.0

2019-03-06-16-26-31-587	10459	0	1	1225.0	868.0

2019-03-06-16-26-31-901	10460	0	0	1791.0	174.0

2019-03-06-16-26-31-956	10461	0	1	1767.0	188.0

2019-03-06-16-26-32-011	10462	0	0	526.0	161.0

2019-03-06-16-26-32-108	10463	0	1	534.0	179.0

2019-03-06-16-26-32-117	10464	0	0	1566.0	201.0

2019-03-06-16-26-32-173	10465	0	1	1566.0	201.0

2019-03-06-16-26-32-272	10466	0	0	1782.0	189.0

2019-03-06-16-26-32-332	10467	0	1	1784.0	220.0

2019-03-06-16-26-32-431	10468	0	0	1723.0	445.0

2019-03-06-16-26-32-481	10469	0	1	1723.0	445.0

2019-03-06-16-26-32-580	10470	0	0	493.0	182.0

2019-03-06-16-26-32-680	10471	0	1	493.0	182.0

2019-03-06-16-26-32-784	10472	0	0	1240.0	935.0

2019-03-06-16-26-32-880	10473	0	1	1234.0	921.0

2019-03-06-16-26-33-110	10474	0	0	1446.0	183.0

2019-03-06-16-26-33-161	10475	0	1	1446.0	183.0

2019-03-06-16-26-33-264	10476	0	0	302.0	411.0

2019-03-06-16-26-33-318	10477	0	1	302.0	411.0

2019-03-06-16-26-33-374	10478	0	0	1166.0	830.0

2019-03-06-16-26-33-438	10479	0	1	1166.0	830.0

2019-03-06-16-26-33-536	10480	0	0	845.0	206.0

2019-03-06-16-26-33-593	10481	0	1	845.0	206.0

2019-03-06-16-26-33-647	10482	0	0	1160.0	398.0

2019-03-06-16-26-33-746	10483	0	1	1160.0	398.0

2019-03-06-16-26-33-755	10484	0	0	495.0	214.0

2019-03-06-16-26-33-854	10485	0	1	495.0	214.0

2019-03-06-16-26-33-914	10486	0	0	1091.0	822.0

2019-03-06-16-26-33-925	10487	0	1	1091.0	806.0

2019-03-06-16-26-34-025	10488	0	0	1125.0	443.0

2019-03-06-16-26-34-123	10489	0	1	1125.0	443.0

2019-03-06-16-26-34-999	10490	0	0	127.0	403.0

2019-03-06-16-26-35-053	10491	0	1	127.0	403.0

2019-03-06-16-26-35-191	10492	0	0	668.0	227.0

2019-03-06-16-26-35-250	10493	0	1	668.0	227.0

2019-03-06-16-26-35-307	10494	0	0	559.0	382.0

2019-03-06-16-26-35-405	10495	0	1	553.5996	406.00186

2019-03-06-16-26-35-461	10496	0	0	1169.0	949.0

2019-03-06-16-26-35-562	10497	0	1	1180.0	908.0

2019-03-06-16-26-35-673	10498	0	0	760.0	376.0

2019-03-06-16-26-35-728	10499	0	1	760.0	376.0

2019-03-06-16-26-35-737	10500	0	0	1572.0	189.0

2019-03-06-16-26-35-834	10501	0	1	1521.0	295.0

2019-03-06-16-26-35-890	10502	0	0	635.0	180.0

2019-03-06-16-26-35-943	10503	0	1	635.0	180.0

2019-03-06-16-26-35-996	10504	0	0	1161.0	838.0

2019-03-06-16-26-36-049	10505	0	1	1161.0	838.0

2019-03-06-16-26-36-241	10506	0	0	1574.0	650.0

2019-03-06-16-26-36-295	10507	0	1	1574.0	650.0

2019-03-06-16-26-36-351	10508	0	0	536.0	196.0

2019-03-06-16-26-36-406	10509	0	1	536.0	196.0

