2019-03-06-16-43-58-375	11656	0	0	539.0	506.0

2019-03-06-16-43-58-725	11657	0	1	522.0	528.0

2019-03-06-16-43-58-901	11658	0	0	544.0	451.0

2019-03-06-16-43-59-268	11659	0	1	540.0	450.0

2019-03-06-16-43-59-462	11660	0	0	516.0	420.0

2019-03-06-16-43-59-567	11661	0	1	516.0	420.0

2019-03-06-16-44-00-267	11662	0	0	1440.0	408.0

2019-03-06-16-44-00-543	11663	0	1	1440.0	420.0

2019-03-06-16-44-00-813	11664	0	0	1412.0	431.0

2019-03-06-16-44-00-993	11665	0	1	1415.0	434.0

2019-03-06-16-44-01-831	11666	0	0	1456.0	401.0

2019-03-06-16-44-02-097	11667	0	1	1446.0	412.0

2019-03-06-16-44-02-370	11668	0	0	1351.0	438.0

2019-03-06-16-44-02-531	11669	0	1	1352.0	445.0

2019-03-06-16-44-03-006	11670	0	0	1552.0	407.0

2019-03-06-16-44-03-210	11671	0	1	1557.0	418.0

2019-03-06-16-44-03-556	11672	0	0	1711.0	381.0

2019-03-06-16-44-03-942	11673	0	1	1735.0	402.0

2019-03-06-16-44-04-286	11674	0	0	1820.0	117.0

2019-03-06-16-44-04-644	11675	0	1	1819.0	151.0

2019-03-06-16-44-04-900	11676	0	0	1626.0	147.0

2019-03-06-16-44-05-379	11677	0	1	1626.0	172.0

2019-03-06-16-44-05-893	11678	0	0	21.0	305.0

2019-03-06-16-44-06-094	11679	0	1	0.0	348.0

2019-03-06-16-44-06-441	11680	0	0	142.0	214.0

2019-03-06-16-44-06-620	11681	0	1	77.0	233.0

2019-03-06-16-44-06-886	11682	0	0	0.0	260.0

2019-03-06-16-44-06-990	11683	0	1	0.0	260.0

2019-03-06-16-44-07-269	11684	0	0	274.0	212.0

2019-03-06-16-44-07-384	11685	0	1	250.0	219.0

2019-03-06-16-44-07-943	11686	0	0	411.0	226.0

2019-03-06-16-44-08-411	11687	0	1	411.0	226.0

2019-03-06-16-44-08-604	11688	0	0	575.0	189.0

2019-03-06-16-44-09-051	11689	0	1	575.0	189.0

2019-03-06-16-44-09-228	11690	0	0	702.0	181.0

2019-03-06-16-44-09-787	11691	0	1	702.0	181.0

2019-03-06-16-44-09-951	11692	0	0	829.0	133.0

2019-03-06-16-44-10-590	11693	0	1	829.0	133.0

2019-03-06-16-44-10-771	11694	0	0	985.0	101.0

2019-03-06-16-44-11-400	11695	0	1	965.1424	115.71526

2019-03-06-16-44-12-061	11696	0	0	893.0	431.0

2019-03-06-16-44-12-290	11697	0	1	881.0	440.0

2019-03-06-16-44-12-529	11698	0	0	658.0	481.0

2019-03-06-16-44-12-760	11699	0	1	655.0	484.0

2019-03-06-16-44-13-043	11700	0	0	472.0	434.0

2019-03-06-16-44-13-326	11701	0	1	472.0	434.0

2019-03-06-16-44-13-728	11702	0	0	600.0	417.0

2019-03-06-16-44-13-902	11703	0	1	600.0	417.0

2019-03-06-16-44-14-247	11704	0	0	576.0	609.0

2019-03-06-16-44-14-421	11705	0	1	572.95605	613.0879

2019-03-06-16-44-14-770	11706	0	0	382.0	671.0

2019-03-06-16-44-14-948	11707	0	1	382.0	671.0

2019-03-06-16-44-15-182	11708	0	0	235.0	492.0

2019-03-06-16-44-15-299	11709	0	1	235.0	492.0

2019-03-06-16-44-15-478	11710	0	0	412.0	475.0

2019-03-06-16-44-15-595	11711	0	1	412.0	475.0

2019-03-06-16-44-15-941	11712	0	0	404.0	382.0

2019-03-06-16-44-16-224	11713	0	1	404.0	382.0

2019-03-06-16-44-16-447	11714	0	0	599.0	400.0

2019-03-06-16-44-16-732	11715	0	1	599.0	400.0

2019-03-06-16-44-17-022	11716	0	0	773.0	409.0

2019-03-06-16-44-17-149	11717	0	1	773.0	409.0

2019-03-06-16-44-17-657	11718	0	0	1384.0	429.0

2019-03-06-16-44-17-893	11719	0	1	1390.0485	438.0

2019-03-06-16-44-18-192	11720	0	0	1283.0	446.0

2019-03-06-16-44-18-482	11721	0	1	1283.0	446.0

2019-03-06-16-44-18-653	11722	0	0	1167.0	453.0

2019-03-06-16-44-18-899	11723	0	1	1167.0	453.0

2019-03-06-16-44-19-193	11724	0	0	1201.0	643.0

2019-03-06-16-44-19-542	11725	0	1	1205.0	666.0

2019-03-06-16-44-19-842	11726	0	0	1029.0	477.0

2019-03-06-16-44-20-251	11727	0	1	1029.0	477.0

2019-03-06-16-44-20-436	11728	0	0	1011.0	338.0

2019-03-06-16-44-20-873	11729	0	1	1011.0	347.0

2019-03-06-16-44-21-215	11730	0	0	1070.0	637.0

2019-03-06-16-44-21-618	11731	0	1	1073.0	655.0

2019-03-06-16-44-21-733	11732	0	0	988.0	677.0

2019-03-06-16-44-22-190	11733	0	1	973.0	677.0

2019-03-06-16-44-22-824	11734	0	0	1444.0	202.0

2019-03-06-16-44-23-223	11735	0	1	1442.0	216.0

2019-03-06-16-44-23-903	11736	0	0	1140.0	876.0

2019-03-06-16-44-24-299	11737	0	1	1141.0	887.0

2019-03-06-16-44-25-157	11738	0	0	138.0	522.0

2019-03-06-16-44-25-614	11739	0	1	126.0	543.0

2019-03-06-16-44-25-732	11740	0	0	82.0	413.0

2019-03-06-16-44-26-198	11741	0	1	82.0	413.0

2019-03-06-16-44-27-344	11742	0	0	1563.0	656.0

2019-03-06-16-44-27-751	11743	0	1	1571.0	681.0

2019-03-06-16-44-28-158	11744	0	0	1249.0	942.0

2019-03-06-16-44-28-343	11745	0	1	1250.109	933.673

2019-03-06-16-44-29-177	11746	0	0	860.0	232.0

2019-03-06-16-44-29-539	11747	0	1	786.0	235.0

2019-03-06-16-44-29-723	11748	0	0	597.0	244.0

2019-03-06-16-44-29-961	11749	0	1	575.0	268.0

2019-03-06-16-44-30-317	11750	0	0	683.0	134.0

2019-03-06-16-44-30-668	11751	0	1	664.76355	160.15762

2019-03-06-16-44-31-179	11752	0	0	1060.0	241.0

2019-03-06-16-44-31-468	11753	0	1	1077.0	226.0

2019-03-06-16-44-31-700	11754	0	0	1093.0	136.0

2019-03-06-16-44-31-985	11755	0	1	1094.0	138.0

2019-03-06-16-44-32-218	11756	0	0	1229.0	437.0

2019-03-06-16-44-32-339	11757	0	1	1229.0	437.0

2019-03-06-16-44-32-622	11758	0	0	1129.0	231.0

2019-03-06-16-44-32-799	11759	0	1	1129.0	231.0

2019-03-06-16-44-33-328	11760	0	0	1443.0	195.0

2019-03-06-16-44-33-507	11761	0	1	1451.0	213.0

2019-03-06-16-44-33-982	11762	0	0	1399.0	696.0

2019-03-06-16-44-34-351	11763	0	1	1410.0	695.0

2019-03-06-16-44-34-879	11764	0	0	950.0	518.0

2019-03-06-16-44-35-246	11765	0	1	871.0	465.0

2019-03-06-16-44-35-372	11766	0	0	884.0	433.0

2019-03-06-16-44-35-663	11767	0	1	884.0	433.0

2019-03-06-16-44-35-938	11768	0	0	1315.0	863.0

2019-03-06-16-44-36-111	11769	0	1	1315.0	863.0

2019-03-06-16-44-36-724	11770	0	0	799.0	224.0

2019-03-06-16-44-37-015	11771	0	1	799.0	224.0

2019-03-06-16-44-37-536	11772	0	0	1618.0	202.0

2019-03-06-16-44-37-710	11773	0	1	1622.0	205.0

2019-03-06-16-44-38-211	11774	0	0	1277.0	834.0

2019-03-06-16-44-38-379	11775	0	1	1275.0	838.0

2019-03-06-16-44-39-526	11776	0	0	1066.0	631.0

2019-03-06-16-44-39-646	11777	0	1	1066.0	631.0

2019-03-06-16-44-41-839	11778	0	0	1126.0	616.0

2019-03-06-16-44-42-086	11779	0	1	1107.0	619.0

2019-03-06-16-44-42-330	11780	0	0	991.0	669.0

2019-03-06-16-44-42-458	11781	0	1	991.0	669.0

2019-03-06-16-44-43-538	11782	0	0	819.0	255.0

2019-03-06-16-44-43-727	11783	0	1	836.0	249.0

2019-03-06-16-44-44-044	11784	0	0	844.0	165.0

2019-03-06-16-44-44-289	11785	0	1	832.97266	172.0

2019-03-06-16-44-44-539	11786	0	0	1017.0	138.0

2019-03-06-16-44-44-901	11787	0	1	1014.0	134.0

2019-03-06-16-44-45-212	11788	0	0	1866.0	121.0

2019-03-06-16-44-45-516	11789	0	1	1866.0	134.0

2019-03-06-16-44-45-993	11790	0	0	353.0	241.0

2019-03-06-16-44-46-366	11791	0	1	356.0	235.0

2019-03-06-16-44-46-502	11792	0	0	456.0	156.0

2019-03-06-16-44-46-810	11793	0	1	456.0	156.0

2019-03-06-16-44-47-320	11794	0	0	1241.0	704.0

2019-03-06-16-44-47-502	11795	0	1	1241.0	704.0

2019-03-06-16-44-47-982	11796	0	0	1438.0	199.0

2019-03-06-16-44-48-232	11797	0	1	1444.0	213.0

2019-03-06-16-44-48-668	11798	0	0	1471.0	599.0

2019-03-06-16-44-48-912	11799	0	1	1471.0	609.0

2019-03-06-16-44-49-154	11800	0	0	1395.0	682.0

2019-03-06-16-44-49-396	11801	0	1	1395.0	682.0

2019-03-06-16-44-49-645	11802	0	0	1279.0	814.0

2019-03-06-16-44-49-887	11803	0	1	1286.0	828.0

2019-03-06-16-44-50-417	11804	0	0	880.0	225.0

2019-03-06-16-44-50-773	11805	0	1	851.0	208.0

2019-03-06-16-44-51-064	11806	0	0	1168.0	436.0

2019-03-06-16-44-51-402	11807	0	1	1168.0	437.0

2019-03-06-16-44-51-678	11808	0	0	1045.0	475.0

2019-03-06-16-44-51-876	11809	0	1	1048.0	476.0

2019-03-06-16-44-52-255	11810	0	0	1497.0	229.0

2019-03-06-16-44-52-553	11811	0	1	1481.0	237.0

2019-03-06-16-44-52-925	11812	0	0	337.0	488.0

2019-03-06-16-44-53-174	11813	0	1	309.0	505.0

2019-03-06-16-44-53-555	11814	0	0	352.0	426.0

2019-03-06-16-44-53-755	11815	0	1	344.0	429.0

2019-03-06-16-44-54-014	11816	0	0	1595.0	114.0

2019-03-06-16-44-54-148	11817	0	1	1595.0	114.0

2019-03-06-16-44-54-585	11818	0	0	1248.0	791.0

2019-03-06-16-44-54-720	11819	0	1	1248.0	791.0

2019-03-06-16-44-55-039	11820	0	0	1495.0	179.0

2019-03-06-16-44-55-104	11821	0	1	1495.0	179.0

2019-03-06-16-44-55-925	11822	0	0	1014.0	609.0

2019-03-06-16-44-56-218	11823	0	1	1019.0	634.0

2019-03-06-16-44-56-741	11824	0	0	579.0	258.0

2019-03-06-16-44-57-126	11825	0	1	573.0	265.0

2019-03-06-16-44-57-369	11826	0	0	612.0	187.0

2019-03-06-16-44-57-678	11827	0	1	607.0	198.0

2019-03-06-16-44-57-805	11828	0	0	1183.0	929.0

2019-03-06-16-44-58-041	11829	0	1	1182.0	919.0

2019-03-06-16-44-58-535	11830	0	0	1568.0	446.0

2019-03-06-16-44-58-902	11831	0	1	1568.0	446.0

2019-03-06-16-44-59-280	11832	0	0	498.0	283.0

2019-03-06-16-44-59-579	11833	0	1	484.0	288.0

2019-03-06-16-44-59-765	11834	0	0	406.0	260.0

2019-03-06-16-45-00-078	11835	0	1	402.0	259.0

2019-03-06-16-45-00-212	11836	0	0	385.0	191.0

2019-03-06-16-45-00-529	11837	0	1	380.0	197.0

2019-03-06-16-45-01-011	11838	0	0	1081.0	179.0

2019-03-06-16-45-01-389	11839	0	1	1081.0	179.0

2019-03-06-16-45-02-109	11840	0	0	1202.0	657.0

2019-03-06-16-45-02-423	11841	0	1	1202.0	657.0

2019-03-06-16-45-03-020	11842	0	0	1641.0	103.0

2019-03-06-16-45-03-464	11843	0	1	1644.0	139.0

2019-03-06-16-45-03-894	11844	0	0	137.0	547.0

2019-03-06-16-45-04-257	11845	0	1	123.0	550.0

2019-03-06-16-45-04-450	11846	0	0	148.0	440.0

2019-03-06-16-45-04-696	11847	0	1	139.0	452.0

2019-03-06-16-45-05-184	11848	0	0	636.0	235.0

2019-03-06-16-45-05-924	11849	0	1	608.0	173.0

2019-03-06-16-45-06-165	11850	0	0	648.0	151.0

2019-03-06-16-45-06-298	11851	0	1	648.0	151.0

2019-03-06-16-45-06-492	11852	0	0	458.0	224.0

2019-03-06-16-45-06-632	11853	0	1	458.0	224.0

2019-03-06-16-45-06-826	11854	0	0	530.0	395.0

2019-03-06-16-45-07-015	11855	0	1	508.0	401.0

2019-03-06-16-45-07-143	11856	0	0	382.0	241.0

2019-03-06-16-45-07-279	11857	0	1	380.0	249.0

2019-03-06-16-45-08-340	11858	0	0	717.0	256.0

2019-03-06-16-45-08-405	11859	0	1	717.0	256.0

2019-03-06-16-45-08-470	11860	0	0	657.0	242.0

2019-03-06-16-45-08-590	11861	0	1	630.0	249.0

2019-03-06-16-45-08-951	11862	0	0	533.0	444.0

2019-03-06-16-45-09-078	11863	0	1	533.0	444.0

2019-03-06-16-45-09-543	11864	0	0	1229.0	815.0

2019-03-06-16-45-09-660	11865	0	1	1229.0	815.0

2019-03-06-16-45-10-420	11866	0	0	197.0	289.0

2019-03-06-16-45-10-766	11867	0	1	197.0	289.0

2019-03-06-16-45-10-902	11868	0	0	228.0	213.0

2019-03-06-16-45-11-205	11869	0	1	228.0	213.0

2019-03-06-16-45-11-786	11870	0	0	1190.0	410.0

2019-03-06-16-45-11-980	11871	0	1	1196.0	414.0

2019-03-06-16-45-12-574	11872	0	0	1509.0	170.0

2019-03-06-16-45-12-751	11873	0	1	1509.0	172.0

2019-03-06-16-45-14-311	11874	0	0	706.0	724.0

2019-03-06-16-45-14-445	11875	0	1	706.0	724.0

2019-03-06-16-45-14-940	11876	0	0	698.0	640.0

2019-03-06-16-45-15-124	11877	0	1	687.93677	640.0

2019-03-06-16-45-16-192	11878	0	0	1193.0	444.0

2019-03-06-16-45-16-325	11879	0	1	1193.0	444.0

2019-03-06-16-45-16-866	11880	0	0	1164.0	829.0

2019-03-06-16-45-16-990	11881	0	1	1164.0	829.0

2019-03-06-16-45-17-781	11882	0	0	1476.0	170.0

2019-03-06-16-45-17-917	11883	0	1	1476.0	170.0

2019-03-06-16-45-18-595	11884	0	0	282.0	547.0

2019-03-06-16-45-18-785	11885	0	1	282.0	547.0

2019-03-06-16-45-19-097	11886	0	0	261.0	488.0

2019-03-06-16-45-19-228	11887	0	1	261.0	488.0

2019-03-06-16-45-19-410	11888	0	0	1227.0	804.0

2019-03-06-16-45-19-597	11889	0	1	1227.0	804.0

2019-03-06-16-45-20-323	11890	0	0	118.0	506.0

2019-03-06-16-45-20-570	11891	0	1	108.0	523.0

2019-03-06-16-45-20-833	11892	0	0	134.0	425.0

2019-03-06-16-45-21-020	11893	0	1	129.0	430.0

2019-03-06-16-45-21-641	11894	0	0	705.0	699.0

2019-03-06-16-45-21-840	11895	0	1	705.0	699.0

2019-03-06-16-45-22-406	11896	0	0	769.0	219.0

2019-03-06-16-45-22-734	11897	0	1	768.0	217.0

2019-03-06-16-45-23-240	11898	0	0	1281.0	206.0

2019-03-06-16-45-23-512	11899	0	1	1285.0	206.0

2019-03-06-16-45-24-150	11900	0	0	1788.0	391.0

2019-03-06-16-45-24-286	11901	0	1	1788.0	391.0

2019-03-06-16-45-24-359	11902	0	0	1792.0	389.0

2019-03-06-16-45-24-559	11903	0	1	1794.0	389.0

2019-03-06-16-45-25-205	11904	0	0	1021.0	183.0

2019-03-06-16-45-25-477	11905	0	1	1021.0	183.0

2019-03-06-16-45-25-911	11906	0	0	1217.0	807.0

2019-03-06-16-45-26-167	11907	0	1	1217.0	813.0

2019-03-06-16-45-26-946	11908	0	0	1498.0	168.0

2019-03-06-16-45-27-148	11909	0	1	1498.0	175.0

2019-03-06-16-45-27-811	11910	0	0	309.0	535.0

2019-03-06-16-45-28-011	11911	0	1	296.0	530.0

2019-03-06-16-45-28-277	11912	0	0	303.0	459.0

2019-03-06-16-45-28-416	11913	0	1	298.0	458.0

2019-03-06-16-45-28-874	11914	0	0	1171.0	838.0

2019-03-06-16-45-29-009	11915	0	1	1171.0	838.0

2019-03-06-16-45-29-666	11916	0	0	537.0	244.0

2019-03-06-16-45-30-002	11917	0	1	504.0	253.0

2019-03-06-16-45-30-076	11918	0	0	418.0	215.0

2019-03-06-16-45-30-346	11919	0	1	411.0	218.0

2019-03-06-16-45-30-674	11920	0	0	195.0	494.0

2019-03-06-16-45-30-937	11921	0	1	186.0	501.0

2019-03-06-16-45-31-142	11922	0	0	195.0	409.0

2019-03-06-16-45-31-342	11923	0	1	195.0	409.0

2019-03-06-16-45-31-552	11924	0	0	368.0	453.0

2019-03-06-16-45-31-699	11925	0	1	368.0	453.0

2019-03-06-16-45-31-980	11926	0	0	371.0	204.0

2019-03-06-16-45-32-255	11927	0	1	371.0	221.0

2019-03-06-16-45-32-724	11928	0	0	1503.0	177.0

2019-03-06-16-45-32-799	11929	0	1	1503.0	177.0

2019-03-06-16-45-33-206	11930	0	0	423.0	231.0

2019-03-06-16-45-33-421	11931	0	1	423.0	232.0

2019-03-06-16-45-33-559	11932	0	0	632.0	231.0

2019-03-06-16-45-33-767	11933	0	1	625.0	241.0

2019-03-06-16-45-34-676	11934	0	0	1204.0	717.0

2019-03-06-16-45-34-888	11935	0	1	1204.0	716.0

2019-03-06-16-45-35-487	11936	0	0	847.0	247.0

2019-03-06-16-45-35-622	11937	0	1	838.0	249.0

2019-03-06-16-45-36-157	11938	0	0	1643.0	147.0

2019-03-06-16-45-36-229	11939	0	1	1643.0	147.0

2019-03-06-16-45-36-759	11940	0	0	1240.0	750.0

2019-03-06-16-45-36-965	11941	0	1	1233.0	746.0

2019-03-06-16-45-37-686	11942	0	0	493.0	515.0

2019-03-06-16-45-37-820	11943	0	1	493.0	515.0

2019-03-06-16-45-37-958	11944	0	0	1704.0	184.0

2019-03-06-16-45-38-100	11945	0	1	1704.0	184.0

2019-03-06-16-45-38-689	11946	0	0	1235.0	825.0

2019-03-06-16-45-38-760	11947	0	1	1235.0	825.0

2019-03-06-16-45-40-066	11948	0	0	135.0	449.0

2019-03-06-16-45-40-462	11949	0	1	111.0	451.0

2019-03-06-16-45-40-870	11950	0	0	1389.0	617.0

2019-03-06-16-45-41-131	11951	0	1	1396.0	633.0

2019-03-06-16-45-41-670	11952	0	0	548.0	504.0

2019-03-06-16-45-41-871	11953	0	1	543.0	506.0

2019-03-06-16-45-42-147	11954	0	0	520.0	439.0

2019-03-06-16-45-42-424	11955	0	1	510.0	445.0

2019-03-06-16-45-42-635	11956	0	0	1273.0	814.0

2019-03-06-16-45-42-716	11957	0	1	1273.0	814.0

2019-03-06-16-45-43-143	11958	0	0	1488.0	175.0

2019-03-06-16-45-43-354	11959	0	1	1488.0	179.0

2019-03-06-16-45-43-913	11960	0	0	1291.0	850.0

2019-03-06-16-45-44-057	11961	0	1	1293.1017	847.8984

2019-03-06-16-45-44-650	11962	0	0	821.0	219.0

2019-03-06-16-45-44-793	11963	0	1	801.0	232.0

2019-03-06-16-45-44-937	11964	0	0	602.0	230.0

2019-03-06-16-45-45-013	11965	0	1	602.0	230.0

2019-03-06-16-45-45-350	11966	0	0	762.0	196.0

2019-03-06-16-45-45-422	11967	0	1	762.0	196.0

2019-03-06-16-45-45-823	11968	0	0	1290.0	359.0

2019-03-06-16-45-46-159	11969	0	1	1275.969	373.03104

2019-03-06-16-45-46-296	11970	0	0	1180.0	431.0

2019-03-06-16-45-46-498	11971	0	1	1173.0	434.0

2019-03-06-16-45-46-768	11972	0	0	1468.0	164.0

2019-03-06-16-45-46-972	11973	0	1	1485.0	180.0

2019-03-06-16-45-47-371	11974	0	0	1434.0	615.0

2019-03-06-16-45-47-516	11975	0	1	1434.0	615.0

2019-03-06-16-45-47-791	11976	0	0	1612.0	438.0

2019-03-06-16-45-47-993	11977	0	1	1612.0	438.0

2019-03-06-16-45-48-452	11978	0	0	1253.0	837.0

2019-03-06-16-45-48-527	11979	0	1	1253.0	837.0

2019-03-06-16-45-48-936	11980	0	0	1513.0	228.0

2019-03-06-16-45-49-203	11981	0	1	1493.0	225.0

2019-03-06-16-45-50-021	11982	0	0	836.0	234.0

2019-03-06-16-45-50-231	11983	0	1	799.0	225.0

2019-03-06-16-45-50-644	11984	0	0	1316.0	341.0

2019-03-06-16-45-50-852	11985	0	1	1310.0	354.0

2019-03-06-16-45-51-195	11986	0	0	1224.0	440.0

2019-03-06-16-45-51-468	11987	0	1	1224.0	440.0

2019-03-06-16-45-52-006	11988	0	0	1543.0	162.0

2019-03-06-16-45-52-417	11989	0	1	1543.0	162.0

2019-03-06-16-45-52-493	11990	0	0	1445.0	186.0

2019-03-06-16-45-52-902	11991	0	1	1443.0	204.0

2019-03-06-16-45-53-379	11992	0	0	220.0	488.0

2019-03-06-16-45-53-796	11993	0	1	203.0	499.0

2019-03-06-16-45-53-939	11994	0	0	289.0	342.0

2019-03-06-16-45-54-236	11995	0	1	289.0	342.0

2019-03-06-16-45-54-450	11996	0	0	1233.0	882.0

2019-03-06-16-45-54-589	11997	0	1	1233.0	882.0

2019-03-06-16-45-54-987	11998	0	0	1512.0	198.0

2019-03-06-16-45-55-325	11999	0	1	1512.0	198.0

2019-03-06-16-45-55-595	12000	0	0	298.0	396.0

2019-03-06-16-45-55-954	12001	0	1	298.0	396.0

2019-03-06-16-45-56-108	12002	0	0	1273.0	854.0

2019-03-06-16-45-56-260	12003	0	1	1273.0	854.0

2019-03-06-16-45-56-823	12004	0	0	964.0	413.0

2019-03-06-16-45-57-228	12005	0	1	921.0	433.0

2019-03-06-16-45-57-731	12006	0	0	606.0	232.0

2019-03-06-16-45-57-945	12007	0	1	604.0	243.0

2019-03-06-16-45-58-230	12008	0	0	465.0	206.0

2019-03-06-16-45-58-520	12009	0	1	434.0	238.0

2019-03-06-16-45-58-936	12010	0	0	202.0	466.0

2019-03-06-16-45-59-082	12011	0	1	177.0	475.0

2019-03-06-16-45-59-756	12012	0	0	842.0	196.0

2019-03-06-16-45-59-832	12013	0	1	830.0	198.0

2019-03-06-16-46-00-129	12014	0	0	567.0	202.0

2019-03-06-16-46-00-272	12015	0	1	559.0	205.0

2019-03-06-16-46-00-415	12016	0	0	397.0	221.0

2019-03-06-16-46-00-565	12017	0	1	397.0	221.0

2019-03-06-16-46-00-929	12018	0	0	173.0	454.0

2019-03-06-16-46-01-074	12019	0	1	166.0	455.0

2019-03-06-16-46-01-957	12020	0	0	667.0	215.0

2019-03-06-16-46-02-093	12021	0	1	665.0	215.0

2019-03-06-16-46-03-393	12022	0	0	1506.0	152.0

2019-03-06-16-46-03-667	12023	0	1	1518.0	115.0

2019-03-06-16-46-04-224	12024	0	0	1247.0	768.0

2019-03-06-16-46-04-365	12025	0	1	1246.0	771.0

2019-03-06-16-46-04-995	12026	0	0	185.0	262.0

2019-03-06-16-46-05-201	12027	0	1	182.0	261.0

2019-03-06-16-46-05-553	12028	0	0	227.0	179.0

2019-03-06-16-46-05-764	12029	0	1	224.0	186.0

2019-03-06-16-46-05-978	12030	0	0	1674.0	132.0

2019-03-06-16-46-06-188	12031	0	1	1674.0	132.0

2019-03-06-16-46-06-860	12032	0	0	1258.0	163.0

2019-03-06-16-46-07-212	12033	0	1	1258.0	186.0

2019-03-06-16-46-07-779	12034	0	0	1822.0	356.0

2019-03-06-16-46-08-134	12035	0	1	1821.0	379.488

2019-03-06-16-46-08-773	12036	0	0	532.0	481.0

2019-03-06-16-46-09-126	12037	0	1	532.0	481.0

2019-03-06-16-46-09-404	12038	0	0	517.0	376.0

2019-03-06-16-46-09-839	12039	0	1	494.0	395.0

2019-03-06-16-46-10-599	12040	0	0	840.0	860.0

2019-03-06-16-46-10-880	12041	0	1	836.0	890.0

2019-03-06-16-46-11-313	12042	0	0	1788.0	409.0

2019-03-06-16-46-11-673	12043	0	1	1793.0	430.0

2019-03-06-16-46-12-100	12044	0	0	1452.0	217.0

2019-03-06-16-46-12-513	12045	0	1	1456.0975	217.0

2019-03-06-16-46-12-790	12046	0	0	1608.0	424.0

2019-03-06-16-46-13-214	12047	0	1	1594.0	452.0

2019-03-06-16-46-13-794	12048	0	0	368.0	240.0

2019-03-06-16-46-14-218	12049	0	1	357.0	256.0

2019-03-06-16-46-14-367	12050	0	0	378.0	175.0

2019-03-06-16-46-14-844	12051	0	1	379.03333	187.0

2019-03-06-16-46-14-927	12052	0	0	435.0	159.0

2019-03-06-16-46-15-404	12053	0	1	435.0	159.0

2019-03-06-16-46-15-667	12054	0	0	1051.0	919.0

2019-03-06-16-46-15-869	12055	0	1	1051.0	915.0

2019-03-06-16-46-16-714	12056	0	0	788.0	269.0

2019-03-06-16-46-17-005	12057	0	1	781.0	269.0

2019-03-06-16-46-17-341	12058	0	0	775.0	176.0

2019-03-06-16-46-17-761	12059	0	1	775.0	176.0

2019-03-06-16-46-18-046	12060	0	0	1677.0	150.0

2019-03-06-16-46-18-325	12061	0	1	1669.0	166.0

2019-03-06-16-46-18-730	12062	0	0	1271.0	839.0

2019-03-06-16-46-18-938	12063	0	1	1281.0779	816.48505

2019-03-06-16-46-19-560	12064	0	0	493.0	531.0

2019-03-06-16-46-19-842	12065	0	1	483.0	542.0

2019-03-06-16-46-20-059	12066	0	0	490.0	431.0

2019-03-06-16-46-20-264	12067	0	1	487.0	432.0

2019-03-06-16-46-20-487	12068	0	0	1661.0	157.0

2019-03-06-16-46-20-779	12069	0	1	1655.0	175.0

2019-03-06-16-46-21-142	12070	0	0	1221.0	764.0

2019-03-06-16-46-21-293	12071	0	1	1221.0	764.0

2019-03-06-16-46-22-080	12072	0	0	1625.0	619.0

2019-03-06-16-46-22-506	12073	0	1	1625.0	639.0

2019-03-06-16-46-22-933	12074	0	0	1716.0	131.0

2019-03-06-16-46-23-364	12075	0	1	1688.0	152.0

2019-03-06-16-46-23-840	12076	0	0	515.0	214.0

2019-03-06-16-46-24-133	12077	0	1	530.0	217.0

2019-03-06-16-46-24-495	12078	0	0	572.0	211.0

2019-03-06-16-46-24-787	12079	0	1	562.0	224.0

2019-03-06-16-46-25-143	12080	0	0	625.0	213.0

2019-03-06-16-46-25-502	12081	0	1	620.6537	215.0

2019-03-06-16-46-25-585	12082	0	0	413.0	217.0

2019-03-06-16-46-25-875	12083	0	1	405.0	237.0

2019-03-06-16-46-26-294	12084	0	0	1273.0	783.0

2019-03-06-16-46-26-648	12085	0	1	1273.0	783.0

2019-03-06-16-46-27-193	12086	0	0	892.0	190.0

2019-03-06-16-46-27-473	12087	0	1	892.0	198.0

2019-03-06-16-46-27-839	12088	0	0	1273.0	398.0

2019-03-06-16-46-28-057	12089	0	1	1258.0	406.0

2019-03-06-16-46-28-414	12090	0	0	1165.0	461.0

2019-03-06-16-46-28-628	12091	0	1	1165.0	468.0

2019-03-06-16-46-29-001	12092	0	0	1542.0	185.0

2019-03-06-16-46-29-289	12093	0	1	1542.0	193.0

2019-03-06-16-46-29-502	12094	0	0	1431.0	217.0

2019-03-06-16-46-29-791	12095	0	1	1431.0	224.0

2019-03-06-16-46-30-292	12096	0	0	333.0	513.0

2019-03-06-16-46-30-439	12097	0	1	328.0	519.0

2019-03-06-16-46-30-790	12098	0	0	379.0	205.0

2019-03-06-16-46-31-007	12099	0	1	371.0	208.0

2019-03-06-16-46-31-369	12100	0	0	480.0	166.0

2019-03-06-16-46-31-521	12101	0	1	480.0	166.0

2019-03-06-16-46-31-897	12102	0	0	560.0	155.0

2019-03-06-16-46-32-051	12103	0	1	552.0	162.0

2019-03-06-16-46-32-427	12104	0	0	518.0	296.0

2019-03-06-16-46-32-575	12105	0	1	518.0	296.0

2019-03-06-16-46-33-267	12106	0	0	349.0	470.0

2019-03-06-16-46-33-412	12107	0	1	349.0	470.0

2019-03-06-16-46-33-764	12108	0	0	290.0	386.0

2019-03-06-16-46-34-197	12109	0	1	276.0	391.0

2019-03-06-16-46-34-616	12110	0	0	1261.0	740.0

2019-03-06-16-46-34-760	12111	0	1	1263.0	766.0

2019-03-06-16-46-35-592	12112	0	0	836.0	172.0

2019-03-06-16-46-35-968	12113	0	1	816.0	172.0

2019-03-06-16-46-36-454	12114	0	0	1468.0	164.0

2019-03-06-16-46-36-757	12115	0	1	1467.0	161.0

2019-03-06-16-46-37-624	12116	0	0	1652.0	618.0

2019-03-06-16-46-38-062	12117	0	1	1627.0	630.0

2019-03-06-16-46-38-216	12118	0	0	1533.0	653.0

2019-03-06-16-46-38-583	12119	0	1	1524.0	668.0

2019-03-06-16-46-38-806	12120	0	0	1674.0	608.0

2019-03-06-16-46-38-951	12121	0	1	1674.0	608.0

2019-03-06-16-46-39-179	12122	0	0	1542.0	653.0

2019-03-06-16-46-39-260	12123	0	1	1542.0	653.0

2019-03-06-16-46-40-235	12124	0	0	422.0	155.0

2019-03-06-16-46-40-516	12125	0	1	402.0	205.0

2019-03-06-16-46-41-257	12126	0	0	1256.0	879.0

2019-03-06-16-46-41-333	12127	0	1	1256.0	879.0

2019-03-06-16-46-42-076	12128	0	0	1477.0	162.0

2019-03-06-16-46-42-295	12129	0	1	1474.0	176.0

2019-03-06-16-46-42-948	12130	0	0	1288.0	793.0

2019-03-06-16-46-43-227	12131	0	1	1287.0	800.0

2019-03-06-16-46-43-848	12132	0	0	887.0	198.0

2019-03-06-16-46-44-060	12133	0	1	864.0	215.0

2019-03-06-16-46-44-593	12134	0	0	1622.0	160.0

2019-03-06-16-46-44-812	12135	0	1	1638.0	172.0

2019-03-06-16-46-45-418	12136	0	0	541.0	476.0

2019-03-06-16-46-45-686	12137	0	1	539.0	483.0

2019-03-06-16-46-46-023	12138	0	0	545.0	360.0

2019-03-06-16-46-46-313	12139	0	1	531.0	381.0

2019-03-06-16-46-46-917	12140	0	0	116.0	441.0

2019-03-06-16-46-47-331	12141	0	1	106.0	463.0

2019-03-06-16-46-48-009	12142	0	0	1172.0	173.0

2019-03-06-16-46-48-350	12143	0	1	1172.0	173.0

2019-03-06-16-46-48-550	12144	0	0	1090.0	161.0

2019-03-06-16-46-48-953	12145	0	1	1090.0	174.0

2019-03-06-16-46-49-373	12146	0	0	1177.0	775.0

2019-03-06-16-46-49-579	12147	0	1	1171.0	783.0

2019-03-06-16-46-50-182	12148	0	0	1513.0	153.0

2019-03-06-16-46-50-536	12149	0	1	1507.0	165.0

2019-03-06-16-46-51-206	12150	0	0	362.0	457.0

2019-03-06-16-46-51-424	12151	0	1	346.0	467.0

2019-03-06-16-46-51-962	12152	0	0	1214.0	836.0

2019-03-06-16-46-52-035	12153	0	1	1214.0	836.0

2019-03-06-16-46-52-860	12154	0	0	839.0	227.0

2019-03-06-16-46-53-009	12155	0	1	839.0	227.0

2019-03-06-16-46-53-561	12156	0	0	1295.0	350.0

2019-03-06-16-46-53-909	12157	0	1	1288.0	364.0

2019-03-06-16-46-54-047	12158	0	0	1192.0	399.0

2019-03-06-16-46-54-345	12159	0	1	1192.0	399.0

2019-03-06-16-46-54-835	12160	0	0	410.0	202.0

2019-03-06-16-46-55-051	12161	0	1	424.0	217.0

2019-03-06-16-46-55-326	12162	0	0	1196.0	828.0

2019-03-06-16-46-55-464	12163	0	1	1196.0	828.0

2019-03-06-16-46-55-876	12164	0	0	1233.0	436.0

2019-03-06-16-46-56-228	12165	0	1	1233.0	436.0

2019-03-06-16-46-56-583	12166	0	0	189.0	493.0

2019-03-06-16-46-57-013	12167	0	1	155.0	482.0

2019-03-06-16-46-57-097	12168	0	0	161.0	385.0

2019-03-06-16-46-57-372	12169	0	1	158.0	393.0

2019-03-06-16-46-57-797	12170	0	0	633.0	168.0

2019-03-06-16-46-58-005	12171	0	1	617.9734	194.10648

2019-03-06-16-46-58-213	12172	0	0	556.0	426.0

2019-03-06-16-46-58-367	12173	0	1	556.0	426.0

2019-03-06-16-46-58-580	12174	0	0	410.0	214.0

2019-03-06-16-46-58-793	12175	0	1	410.0	214.0

2019-03-06-16-46-59-071	12176	0	0	367.0	437.0

2019-03-06-16-46-59-220	12177	0	1	367.0	437.0

2019-03-06-16-46-59-575	12178	0	0	797.0	124.0

2019-03-06-16-46-59-784	12179	0	1	787.0	129.0

2019-03-06-16-47-00-051	12180	0	0	1211.0	858.0

2019-03-06-16-47-00-189	12181	0	1	1211.0	858.0

2019-03-06-16-47-00-482	12182	0	0	568.0	540.0

2019-03-06-16-47-00-558	12183	0	1	559.0	536.0

2019-03-06-16-47-00-971	12184	0	0	484.0	423.0

2019-03-06-16-47-01-186	12185	0	1	490.0	419.0

2019-03-06-16-47-01-537	12186	0	0	179.0	428.0

2019-03-06-16-47-01-904	12187	0	1	141.0	413.0

2019-03-06-16-47-02-420	12188	0	0	1188.0	127.0

2019-03-06-16-47-02-806	12189	0	1	1172.0	127.0

2019-03-06-16-47-02-884	12190	0	0	1101.0	131.0

2019-03-06-16-47-03-169	12191	0	1	1101.0	131.0

2019-03-06-16-47-03-529	12192	0	0	1129.0	789.0

2019-03-06-16-47-03-674	12193	0	1	1125.5	792.5

2019-03-06-16-47-04-110	12194	0	0	749.0	460.0

2019-03-06-16-47-04-487	12195	0	1	749.0	457.797

2019-03-06-16-47-04-921	12196	0	0	1604.0	175.0

2019-03-06-16-47-05-305	12197	0	1	1607.0	178.0

2019-03-06-16-47-05-672	12198	0	0	604.0	203.0

2019-03-06-16-47-05-955	12199	0	1	557.0	189.0

2019-03-06-16-47-06-164	12200	0	0	1164.0	841.0

2019-03-06-16-47-06-331	12201	0	1	1164.0	841.0

2019-03-06-16-47-06-833	12202	0	0	1421.0	624.0

2019-03-06-16-47-07-263	12203	0	1	1413.0	640.0

2019-03-06-16-47-07-617	12204	0	0	402.0	186.0

2019-03-06-16-47-07-913	12205	0	1	398.0	197.0

2019-03-06-16-47-08-063	12206	0	0	1197.0	875.0

2019-03-06-16-47-08-210	12207	0	1	1197.0	875.0

2019-03-06-16-47-08-425	12208	0	0	624.0	208.0

2019-03-06-16-47-08-577	12209	0	1	607.0	217.0

2019-03-06-16-47-09-419	12210	0	0	1478.0	208.0

2019-03-06-16-47-09-726	12211	0	1	1468.0	208.0

2019-03-06-16-47-10-007	12212	0	0	1183.0	850.0

2019-03-06-16-47-10-153	12213	0	1	1185.0	844.0

2019-03-06-16-47-10-725	12214	0	0	267.0	243.0

2019-03-06-16-47-11-010	12215	0	1	237.68613	250.0

2019-03-06-16-47-11-233	12216	0	0	280.0	160.0

2019-03-06-16-47-11-452	12217	0	1	280.0	160.0

2019-03-06-16-47-11-815	12218	0	0	1670.0	149.0

2019-03-06-16-47-12-044	12219	0	1	1668.0	149.0

2019-03-06-16-47-12-331	12220	0	0	1334.0	164.0

2019-03-06-16-47-12-547	12221	0	1	1311.0	203.0

2019-03-06-16-47-12-976	12222	0	0	1736.0	388.0

2019-03-06-16-47-13-350	12223	0	1	1740.0	407.0

2019-03-06-16-47-13-725	12224	0	0	620.0	478.0

2019-03-06-16-47-13-945	12225	0	1	577.0	443.0

2019-03-06-16-47-14-181	12226	0	0	516.0	422.0

2019-03-06-16-47-14-339	12227	0	1	490.90274	423.0

2019-03-06-16-47-14-634	12228	0	0	544.0	585.0

2019-03-06-16-47-14-725	12229	0	1	544.0	585.0

2019-03-06-16-47-15-087	12230	0	0	1236.0	858.0

2019-03-06-16-47-15-165	12231	0	1	1236.0	858.0

2019-03-06-16-47-15-592	12232	0	0	1766.0	455.0

2019-03-06-16-47-15-943	12233	0	1	1775.0	453.0

2019-03-06-16-47-16-301	12234	0	0	1445.0	211.0

2019-03-06-16-47-16-591	12235	0	1	1454.0	207.0

2019-03-06-16-47-16-956	12236	0	0	1628.0	395.0

2019-03-06-16-47-17-174	12237	0	1	1627.0	408.0

2019-03-06-16-47-17-758	12238	0	0	368.0	215.0

2019-03-06-16-47-17-974	12239	0	1	365.0	238.0

2019-03-06-16-47-18-258	12240	0	0	462.0	234.0

2019-03-06-16-47-18-408	12241	0	1	462.0	234.0

2019-03-06-16-47-18-774	12242	0	0	278.0	266.0

2019-03-06-16-47-18-858	12243	0	1	278.0	266.0

2019-03-06-16-47-19-075	12244	0	0	1264.0	767.0

2019-03-06-16-47-19-219	12245	0	1	1264.0	767.0

2019-03-06-16-47-19-504	12246	0	0	658.0	160.0

2019-03-06-16-47-19-732	12247	0	1	658.0	166.0

2019-03-06-16-47-19-882	12248	0	0	795.0	159.0

2019-03-06-16-47-20-096	12249	0	1	793.0	176.0

2019-03-06-16-47-20-463	12250	0	0	1730.0	174.0

2019-03-06-16-47-20-611	12251	0	1	1706.0	186.0

2019-03-06-16-47-21-109	12252	0	0	1649.0	159.0

2019-03-06-16-47-21-257	12253	0	1	1651.0	159.0

2019-03-06-16-47-21-879	12254	0	0	1234.0	828.0

2019-03-06-16-47-22-026	12255	0	1	1234.0	828.0

2019-03-06-16-47-22-317	12256	0	0	311.0	273.0

2019-03-06-16-47-22-531	12257	0	1	265.0	286.0

2019-03-06-16-47-22-749	12258	0	0	1688.0	175.0

2019-03-06-16-47-22-827	12259	0	1	1688.0	175.0

2019-03-06-16-47-23-477	12260	0	0	372.0	456.0

2019-03-06-16-47-23-625	12261	0	1	372.0	456.0

2019-03-06-16-47-23-921	12262	0	0	263.0	249.0

2019-03-06-16-47-24-071	12263	0	1	263.0	249.0

2019-03-06-16-47-24-368	12264	0	0	1835.0	106.0

2019-03-06-16-47-24-520	12265	0	1	1835.0	106.0

2019-03-06-16-47-24-950	12266	0	0	217.0	192.0

2019-03-06-16-47-25-098	12267	0	1	217.0	192.0

2019-03-06-16-47-25-538	12268	0	0	219.0	162.0

2019-03-06-16-47-25-694	12269	0	1	219.0	162.0

2019-03-06-16-47-25-976	12270	0	0	1675.0	132.0

2019-03-06-16-47-26-401	12271	0	1	1672.3407	152.94322

2019-03-06-16-47-26-828	12272	0	0	709.0	150.0

2019-03-06-16-47-27-188	12273	0	1	712.0	168.0

2019-03-06-16-47-27-485	12274	0	0	1641.0	397.0

2019-03-06-16-47-27-914	12275	0	1	1637.0	417.0

2019-03-06-16-47-28-061	12276	0	0	1547.0	397.0

2019-03-06-16-47-28-428	12277	0	1	1545.0	415.0

2019-03-06-16-47-28-643	12278	0	0	1336.0	819.0

2019-03-06-16-47-28-790	12279	0	1	1339.0	844.0

2019-03-06-16-47-29-227	12280	0	0	1665.0	207.0

2019-03-06-16-47-29-450	12281	0	1	1659.0	224.0

2019-03-06-16-47-29-807	12282	0	0	1435.0	611.0

2019-03-06-16-47-30-093	12283	0	1	1434.0	627.0

2019-03-06-16-47-30-310	12284	0	0	1307.0	830.0

2019-03-06-16-47-30-456	12285	0	1	1307.0	830.0

2019-03-06-16-47-31-027	12286	0	0	333.0	455.0

2019-03-06-16-47-31-105	12287	0	1	346.0	451.0

2019-03-06-16-47-31-189	12288	0	0	370.0	444.0

2019-03-06-16-47-31-331	12289	0	1	370.0	444.0

2019-03-06-16-47-31-823	12290	0	0	1667.0	109.0

2019-03-06-16-47-32-042	12291	0	1	1659.0	119.0

2019-03-06-16-47-32-542	12292	0	0	1584.0	597.0

2019-03-06-16-47-32-829	12293	0	1	1591.0	614.0

2019-03-06-16-47-33-287	12294	0	0	450.0	185.0

2019-03-06-16-47-33-580	12295	0	1	452.0	197.0

2019-03-06-16-47-33-790	12296	0	0	1267.0	889.0

2019-03-06-16-47-33-936	12297	0	1	1267.0	889.0

2019-03-06-16-47-34-448	12298	0	0	1638.0	637.0

2019-03-06-16-47-34-662	12299	0	1	1634.0	645.0

2019-03-06-16-47-35-015	12300	0	0	1546.0	631.0

2019-03-06-16-47-35-159	12301	0	1	1546.0	632.0

2019-03-06-16-47-35-529	12302	0	0	1659.0	211.0

2019-03-06-16-47-35-881	12303	0	1	1642.0	219.0

2019-03-06-16-47-36-235	12304	0	0	616.0	231.0

2019-03-06-16-47-36-450	12305	0	1	590.69025	220.84512

2019-03-06-16-47-36-678	12306	0	0	430.0	196.0

2019-03-06-16-47-37-095	12307	0	1	409.0	217.0

2019-03-06-16-47-37-177	12308	0	0	1242.0	844.0

2019-03-06-16-47-37-329	12309	0	1	1240.9554	840.8662

2019-03-06-16-47-38-111	12310	0	0	862.0	168.0

2019-03-06-16-47-38-405	12311	0	1	860.0	192.0

2019-03-06-16-47-39-356	12312	0	0	1210.0	426.0

2019-03-06-16-47-39-516	12313	0	1	1210.0	431.0

2019-03-06-16-47-40-152	12314	0	0	426.0	249.0

2019-03-06-16-47-40-383	12315	0	1	426.0	249.0

2019-03-06-16-47-40-531	12316	0	0	645.0	226.0

2019-03-06-16-47-40-750	12317	0	1	637.0	225.0

2019-03-06-16-47-41-052	12318	0	0	436.0	175.0

2019-03-06-16-47-41-208	12319	0	1	432.0	186.0

2019-03-06-16-47-41-708	12320	0	0	740.0	464.0

2019-03-06-16-47-41-851	12321	0	1	740.0	464.0

2019-03-06-16-47-41-928	12322	0	0	1634.0	166.0

2019-03-06-16-47-42-148	12323	0	1	1642.0	171.0

2019-03-06-16-47-42-450	12324	0	0	600.0	197.0

2019-03-06-16-47-42-595	12325	0	1	597.0	198.0

2019-03-06-16-47-42-675	12326	0	0	487.0	204.0

2019-03-06-16-47-42-826	12327	0	1	487.0	204.0

2019-03-06-16-47-42-972	12328	0	0	1232.0	836.0

2019-03-06-16-47-43-111	12329	0	1	1234.0	828.0

2019-03-06-16-47-43-480	12330	0	0	1462.0	185.0

2019-03-06-16-47-43-568	12331	0	1	1459.0	194.0

2019-03-06-16-47-43-786	12332	0	0	1278.0	813.0

2019-03-06-16-47-43-930	12333	0	1	1278.0	813.0

2019-03-06-16-47-49-710	12334	0	0	1479.0	158.0

2019-03-06-16-47-50-037	12335	0	1	1467.0	174.0

2019-03-06-16-47-50-448	12336	0	0	1234.0	883.0

2019-03-06-16-47-50-588	12337	0	1	1241.0	871.0

2019-03-06-16-47-51-193	12338	0	0	275.0	230.0

2019-03-06-16-47-51-465	12339	0	1	246.0	226.0

2019-03-06-16-47-51-869	12340	0	0	1654.0	162.0

2019-03-06-16-47-52-073	12341	0	1	1663.0	168.0

2019-03-06-16-47-52-432	12342	0	0	1329.0	192.0

2019-03-06-16-47-52-634	12343	0	1	1318.0	202.0

2019-03-06-16-47-53-102	12344	0	0	1739.0	396.0

2019-03-06-16-47-53-240	12345	0	1	1739.0	396.0

2019-03-06-16-47-53-857	12346	0	0	555.0	475.0

2019-03-06-16-47-54-066	12347	0	1	555.0	485.0

2019-03-06-16-47-54-277	12348	0	0	1246.0	853.0

2019-03-06-16-47-54-421	12349	0	1	1246.0	853.0

2019-03-06-16-47-54-855	12350	0	0	1782.0	361.0

2019-03-06-16-47-55-276	12351	0	1	1784.0	383.0

2019-03-06-16-47-55-492	12352	0	0	1468.0	184.0

2019-03-06-16-47-55-848	12353	0	1	1496.0	186.0

2019-03-06-16-47-56-060	12354	0	0	1637.0	423.0

2019-03-06-16-47-56-495	12355	0	1	1628.0	447.0

2019-03-06-16-47-56-576	12356	0	0	1508.0	456.0

2019-03-06-16-47-57-062	12357	0	1	1510.0	470.0

2019-03-06-16-47-57-428	12358	0	0	399.0	229.0

2019-03-06-16-47-57-652	12359	0	1	388.9784	234.0108

2019-03-06-16-47-58-074	12360	0	0	1756.0	402.0

2019-03-06-16-47-58-222	12361	0	1	1756.0	402.0

2019-03-06-16-47-58-377	12362	0	0	1600.0	410.0

2019-03-06-16-47-58-531	12363	0	1	1600.0	410.0

2019-03-06-16-47-59-637	12364	0	0	830.0	163.0

2019-03-06-16-47-59-912	12365	0	1	805.0	166.0

2019-03-06-16-48-00-280	12366	0	0	1651.0	142.0

2019-03-06-16-48-00-574	12367	0	1	1649.0	154.0

2019-03-06-16-48-00-935	12368	0	0	1228.0	845.0

2019-03-06-16-48-01-078	12369	0	1	1228.0	845.0

2019-03-06-16-48-01-751	12370	0	0	521.0	461.0

2019-03-06-16-48-02-090	12371	0	1	528.0	454.0

2019-03-06-16-48-02-229	12372	0	0	1730.0	124.0

2019-03-06-16-48-02-451	12373	0	1	1724.0	127.0

2019-03-06-16-48-02-864	12374	0	0	1679.0	160.0

2019-03-06-16-48-03-141	12375	0	1	1671.0	161.0

2019-03-06-16-48-03-552	12376	0	0	1233.0	775.0

2019-03-06-16-48-03-631	12377	0	1	1233.0	775.0

2019-03-06-16-48-04-058	12378	0	0	389.0	509.0

2019-03-06-16-48-04-139	12379	0	1	389.0	509.0

2019-03-06-16-48-04-354	12380	0	0	1655.0	145.0

2019-03-06-16-48-04-497	12381	0	1	1655.0	148.0

2019-03-06-16-48-05-133	12382	0	0	1573.0	621.0

2019-03-06-16-48-05-346	12383	0	1	1579.0	626.0

2019-03-06-16-48-05-896	12384	0	0	424.0	199.0

2019-03-06-16-48-06-035	12385	0	1	422.0	201.0

2019-03-06-16-48-06-435	12386	0	0	1265.0	835.0

2019-03-06-16-48-06-582	12387	0	1	1265.0	835.0

2019-03-06-16-48-07-774	12388	0	0	1646.0	647.0

2019-03-06-16-48-08-209	12389	0	1	1618.0	655.0

2019-03-06-16-48-08-489	12390	0	0	1558.0	619.0

2019-03-06-16-48-08-634	12391	0	1	1558.0	619.0

2019-03-06-16-48-09-318	12392	0	0	1661.0	147.0

2019-03-06-16-48-09-672	12393	0	1	1658.0	150.0

2019-03-06-16-48-10-272	12394	0	0	596.0	225.0

2019-03-06-16-48-10-622	12395	0	1	594.0	226.0

2019-03-06-16-48-11-108	12396	0	0	392.0	202.0

2019-03-06-16-48-11-598	12397	0	1	384.0	216.0

2019-03-06-16-48-12-738	12398	0	0	1226.0	852.0

2019-03-06-16-48-12-810	12399	0	1	1226.0	852.0

2019-03-06-16-48-13-538	12400	0	0	246.0	218.0

2019-03-06-16-48-13-947	12401	0	1	235.0	245.0

2019-03-06-16-48-14-360	12402	0	0	1640.0	129.0

2019-03-06-16-48-14-749	12403	0	1	1640.0	153.0

2019-03-06-16-48-15-291	12404	0	0	638.0	213.0

2019-03-06-16-48-15-566	12405	0	1	638.0	212.0

2019-03-06-16-48-16-099	12406	0	0	1642.0	434.0

2019-03-06-16-48-16-430	12407	0	1	1642.0	434.0

2019-03-06-16-48-16-893	12408	0	0	1577.0	419.0

2019-03-06-16-48-17-105	12409	0	1	1577.0	419.0

2019-03-06-16-48-18-012	12410	0	0	1233.0	836.0

2019-03-06-16-48-18-088	12411	0	1	1233.0	836.0

2019-03-06-16-48-19-852	12412	0	0	847.0	247.0

2019-03-06-16-48-20-267	12413	0	1	829.0	251.0

2019-03-06-16-48-20-475	12414	0	0	803.0	156.0

2019-03-06-16-48-20-960	12415	0	1	788.0	170.0

2019-03-06-16-48-21-490	12416	0	0	1234.0	402.0

2019-03-06-16-48-21-836	12417	0	1	1235.0	407.0

2019-03-06-16-48-22-376	12418	0	0	1515.0	150.0

2019-03-06-16-48-22-787	12419	0	1	1515.0	177.0

2019-03-06-16-48-24-458	12420	0	0	352.0	497.0

2019-03-06-16-48-25-120	12421	0	1	338.0	499.0

2019-03-06-16-48-25-703	12422	0	0	328.0	444.0

2019-03-06-16-48-26-384	12423	0	1	324.0	464.0

2019-03-06-16-48-26-773	12424	0	0	1140.0	852.0

2019-03-06-16-48-26-912	12425	0	1	1140.0	852.0

2019-03-06-16-48-27-391	12426	0	0	841.0	159.0

2019-03-06-16-48-27-664	12427	0	1	840.0	174.0

2019-03-06-16-48-28-009	12428	0	0	1013.0	127.0

2019-03-06-16-48-28-357	12429	0	1	1007.0	144.0

2019-03-06-16-48-28-704	12430	0	0	1830.0	148.0

2019-03-06-16-48-28-849	12431	0	1	1830.0	148.0

2019-03-06-16-48-29-579	12432	0	0	1481.0	191.0

2019-03-06-16-48-29-972	12433	0	1	1485.0	213.0

2019-03-06-16-48-30-381	12434	0	0	1406.0	635.0

2019-03-06-16-48-30-783	12435	0	1	1406.0	635.0

2019-03-06-16-48-31-292	12436	0	0	949.0	463.0

2019-03-06-16-48-31-623	12437	0	1	946.96545	460.96542

2019-03-06-16-48-31-876	12438	0	0	1271.0	935.0

2019-03-06-16-48-32-133	12439	0	1	1282.0	920.0

2019-03-06-16-48-32-658	12440	0	0	1530.0	183.0

2019-03-06-16-48-32-985	12441	0	1	1509.0	180.0

2019-03-06-16-48-33-383	12442	0	0	390.0	522.0

2019-03-06-16-48-33-699	12443	0	1	353.0	540.0

2019-03-06-16-48-33-956	12444	0	0	359.0	433.0

2019-03-06-16-48-34-156	12445	0	1	352.0	451.42282

2019-03-06-16-48-34-352	12446	0	0	1257.0	804.0

2019-03-06-16-48-34-488	12447	0	1	1257.0	804.0

2019-03-06-16-48-34-881	12448	0	0	1857.0	180.0

2019-03-06-16-48-35-074	12449	0	1	1837.0	197.0

2019-03-06-16-48-35-711	12450	0	0	658.0	244.0

2019-03-06-16-48-35-916	12451	0	1	647.0	245.0

2019-03-06-16-48-36-309	12452	0	0	618.0	156.0

2019-03-06-16-48-36-564	12453	0	1	599.0	182.0

2019-03-06-16-48-36-703	12454	0	0	424.0	207.0

2019-03-06-16-48-36-905	12455	0	1	421.0	207.0

2019-03-06-16-48-37-100	12456	0	0	405.0	187.0

2019-03-06-16-48-37-233	12457	0	1	405.0	187.0

2019-03-06-16-48-37-690	12458	0	0	853.0	200.0

2019-03-06-16-48-37-828	12459	0	1	853.0	200.0

2019-03-06-16-48-37-962	12460	0	0	827.0	207.0

2019-03-06-16-48-38-035	12461	0	1	827.0	207.0

2019-03-06-16-48-38-227	12462	0	0	987.0	211.0

2019-03-06-16-48-38-359	12463	0	1	987.0	211.0

2019-03-06-16-48-38-674	12464	0	0	1245.0	916.0

2019-03-06-16-48-38-804	12465	0	1	1245.0	916.0

2019-03-06-16-48-39-322	12466	0	0	1310.0	421.0

2019-03-06-16-48-39-522	12467	0	1	1304.0	419.0

2019-03-06-16-48-39-786	12468	0	0	1273.0	365.0

2019-03-06-16-48-39-979	12469	0	1	1273.0	365.0

2019-03-06-16-48-40-297	12470	0	0	1198.0	364.0

2019-03-06-16-48-40-437	12471	0	1	1198.0	364.0

2019-03-06-16-48-40-509	12472	0	0	189.0	522.0

2019-03-06-16-48-40-581	12473	0	1	189.0	522.0

2019-03-06-16-48-40-988	12474	0	0	701.0	211.0

2019-03-06-16-48-41-122	12475	0	1	701.0	211.0

2019-03-06-16-48-41-325	12476	0	0	572.0	383.0

2019-03-06-16-48-41-473	12477	0	1	572.0	383.0

