2019-03-06-16-30-32-809	10510	0	0	102.0	213.0

2019-03-06-16-30-33-069	10511	0	1	99.0	211.0

2019-03-06-16-30-33-293	10512	0	0	116.0	172.0

2019-03-06-16-30-33-380	10513	0	1	116.0	172.0

2019-03-06-16-30-33-587	10514	0	0	289.0	218.0

2019-03-06-16-30-34-108	10515	0	1	284.0	234.0

2019-03-06-16-30-34-412	10516	0	0	526.0	256.0

2019-03-06-16-30-34-756	10517	0	1	508.0	262.0

2019-03-06-16-30-34-968	10518	0	0	474.0	151.0

2019-03-06-16-30-35-272	10519	0	1	459.0	153.0

2019-03-06-16-30-35-485	10520	0	0	592.0	185.0

2019-03-06-16-30-35-790	10521	0	1	592.0	185.0

2019-03-06-16-30-36-022	10522	0	0	793.0	199.0

2019-03-06-16-30-36-517	10523	0	1	794.0	199.0

2019-03-06-16-30-36-822	10524	0	0	1034.0	205.0

2019-03-06-16-30-37-270	10525	0	1	1024.0	205.0

2019-03-06-16-30-37-561	10526	0	0	1234.0	183.0

2019-03-06-16-30-39-105	10527	0	1	1239.0	179.0

2019-03-06-16-30-39-877	10528	0	0	1478.0	171.0

2019-03-06-16-30-40-367	10529	0	1	1478.0	171.0

2019-03-06-16-30-40-669	10530	0	0	1645.0	151.0

2019-03-06-16-30-42-816	10531	0	1	1649.0	170.0

2019-03-06-16-30-43-888	10532	0	0	1822.0	186.0

2019-03-06-16-30-44-526	10533	0	1	1807.0	186.0

2019-03-06-16-30-45-930	10534	0	0	1898.0	4.0

2019-03-06-16-30-46-027	10535	0	1	1898.0	4.0

2019-03-06-16-30-51-190	10536	0	0	624.0	391.0

2019-03-06-16-30-51-544	10537	0	5	1314.0	445.0

2019-03-06-16-30-51-757	10538	0	6	600.0	408.0

2019-03-06-16-30-51-968	10539	0	1	1314.0	460.0

2019-03-06-16-30-52-116	10540	0	0	767.0	470.0

2019-03-06-16-30-52-330	10541	0	1	767.0	470.0

2019-03-06-16-30-52-380	10542	0	0	1203.0	459.0

2019-03-06-16-30-52-534	10543	0	1	1203.0	459.0

2019-03-06-16-30-52-682	10544	0	0	766.0	427.0

2019-03-06-16-30-52-917	10545	0	5	1226.0	442.0

2019-03-06-16-30-52-933	10546	0	6	758.0	427.0

2019-03-06-16-30-53-129	10547	0	5	765.0	414.0

2019-03-06-16-30-53-162	10548	0	6	1226.0	442.0

2019-03-06-16-30-53-233	10549	0	1	764.0	415.0

2019-03-06-16-30-53-426	10550	0	0	1415.0	400.0

2019-03-06-16-30-53-773	10551	0	1	1415.0	400.0

2019-03-06-16-30-53-899	10552	0	0	1542.0	383.0

2019-03-06-16-30-54-199	10553	0	1	1559.0	396.0

2019-03-06-16-30-54-290	10554	0	0	1711.0	373.0

2019-03-06-16-30-54-538	10555	0	1	1710.0	374.0

2019-03-06-16-30-54-624	10556	0	0	250.0	358.0

2019-03-06-16-30-54-838	10557	0	1	237.93388	362.0

2019-03-06-16-30-55-024	10558	0	0	1511.0	395.0

2019-03-06-16-30-55-176	10559	0	1	1511.0	395.0

2019-03-06-16-30-55-184	10560	0	0	384.0	373.0

2019-03-06-16-30-55-285	10561	0	1	384.0	373.0

2019-03-06-16-30-55-374	10562	0	0	1374.0	420.0

2019-03-06-16-30-55-498	10563	0	1	1374.0	420.0

2019-03-06-16-30-55-559	10564	0	0	581.0	423.0

2019-03-06-16-30-55-685	10565	0	1	581.0	423.0

2019-03-06-16-30-55-802	10566	0	0	1299.0	432.0

2019-03-06-16-30-55-954	10567	0	1	1299.0	432.0

2019-03-06-16-30-55-982	10568	0	0	708.0	447.0

2019-03-06-16-30-56-113	10569	0	1	708.0	447.0

2019-03-06-16-30-56-229	10570	0	0	1210.0	426.0

2019-03-06-16-30-56-365	10571	0	1	1210.0	426.0

2019-03-06-16-30-56-611	10572	0	0	1096.0	415.0

2019-03-06-16-30-56-716	10573	0	1	1096.0	415.0

2019-03-06-16-30-57-018	10574	0	0	1119.0	655.0

2019-03-06-16-30-57-171	10575	0	1	1119.0	655.0

2019-03-06-16-30-57-325	10576	0	0	1056.0	659.0

2019-03-06-16-30-57-454	10577	0	1	1056.0	659.0

2019-03-06-16-30-57-662	10578	0	0	708.0	674.0

2019-03-06-16-30-57-769	10579	0	1	708.0	674.0

2019-03-06-16-30-57-797	10580	0	0	1269.0	627.0

2019-03-06-16-30-57-924	10581	0	1	1269.0	627.0

2019-03-06-16-30-58-159	10582	0	0	571.0	636.0

2019-03-06-16-30-58-230	10583	0	5	1426.0	620.0

2019-03-06-16-30-58-304	10584	0	6	564.0	642.0

2019-03-06-16-30-58-491	10585	0	1	1425.0	637.0

2019-03-06-16-30-58-621	10586	0	0	437.0	609.0

2019-03-06-16-30-58-734	10587	0	5	1515.0	612.0

2019-03-06-16-30-58-762	10588	0	6	437.0	609.0

2019-03-06-16-30-59-067	10589	0	1	1527.0	621.0

2019-03-06-16-30-59-158	10590	0	0	359.0	592.0

2019-03-06-16-30-59-296	10591	0	1	359.0	592.0

2019-03-06-16-30-59-324	10592	0	0	1422.0	631.0

2019-03-06-16-30-59-519	10593	0	5	472.0	609.0

2019-03-06-16-30-59-548	10594	0	6	1422.0	631.0

2019-03-06-16-30-59-602	10595	0	1	479.0	612.0

2019-03-06-16-30-59-737	10596	0	0	1307.0	638.0

2019-03-06-16-30-59-831	10597	0	1	1307.0	638.0

2019-03-06-16-30-59-879	10598	0	0	636.0	630.0

2019-03-06-16-30-59-958	10599	0	1	636.0	630.0

2019-03-06-16-31-00-035	10600	0	0	1155.0	632.0

2019-03-06-16-31-00-121	10601	0	1	1155.0	632.0

2019-03-06-16-31-00-300	10602	0	0	1026.0	782.0

2019-03-06-16-31-00-369	10603	0	1	1026.0	782.0

2019-03-06-16-31-00-531	10604	0	0	1086.0	826.0

2019-03-06-16-31-00-618	10605	0	1	1086.0	826.0

2019-03-06-16-31-00-770	10606	0	0	562.0	576.0

2019-03-06-16-31-00-859	10607	0	1	562.0	576.0

2019-03-06-16-31-00-937	10608	0	0	1259.0	658.0

2019-03-06-16-31-01-011	10609	0	1	1259.0	658.0

2019-03-06-16-31-01-108	10610	0	0	569.0	512.0

2019-03-06-16-31-01-178	10611	0	1	569.0	512.0

2019-03-06-16-31-01-237	10612	0	0	1245.0	513.0

2019-03-06-16-31-01-325	10613	0	1	1245.0	513.0

2019-03-06-16-31-01-408	10614	0	0	555.0	470.0

2019-03-06-16-31-01-478	10615	0	1	555.0	470.0

2019-03-06-16-31-01-594	10616	0	0	1160.0	483.0

2019-03-06-16-31-01-687	10617	0	1	1160.0	483.0

2019-03-06-16-31-01-961	10618	0	0	695.0	429.0

2019-03-06-16-31-02-033	10619	0	5	1063.0	404.0

2019-03-06-16-31-02-069	10620	0	6	695.0	429.0

2019-03-06-16-31-02-163	10621	0	1	1063.0	405.0193

2019-03-06-16-31-02-283	10622	0	0	600.0	421.0

2019-03-06-16-31-02-342	10623	0	1	600.0	421.0

2019-03-06-16-31-02-417	10624	0	0	1304.0	398.0

2019-03-06-16-31-02-527	10625	0	1	1304.0	398.0

2019-03-06-16-31-02-562	10626	0	0	492.0	407.0

2019-03-06-16-31-02-674	10627	0	1	492.0	407.0

2019-03-06-16-31-02-769	10628	0	0	1516.0	377.0

2019-03-06-16-31-02-883	10629	0	1	1516.0	377.0

2019-03-06-16-31-02-953	10630	0	0	267.0	299.0

2019-03-06-16-31-03-047	10631	0	1	252.0	295.0

2019-03-06-16-31-03-076	10632	0	0	1645.0	269.0

2019-03-06-16-31-03-197	10633	0	1	1645.0	269.0

2019-03-06-16-31-03-227	10634	0	0	148.0	232.0

2019-03-06-16-31-03-338	10635	0	1	148.0	232.0

2019-03-06-16-31-03-394	10636	0	0	1583.0	215.0

2019-03-06-16-31-03-527	10637	0	1	1583.0	215.0

2019-03-06-16-31-03-634	10638	0	0	352.0	262.0

2019-03-06-16-31-03-723	10639	0	5	1366.0	247.0

2019-03-06-16-31-03-731	10640	0	6	352.0	262.0

2019-03-06-16-31-03-847	10641	0	1	1365.0	249.0

2019-03-06-16-31-03-896	10642	0	0	540.0	338.0

2019-03-06-16-31-04-031	10643	0	1	540.0	338.0

2019-03-06-16-31-04-081	10644	0	0	1216.0	386.0

2019-03-06-16-31-04-151	10645	0	1	1216.0	386.0

2019-03-06-16-31-04-269	10646	0	0	602.0	392.0

2019-03-06-16-31-04-401	10647	0	1	602.0	392.0

2019-03-06-16-31-04-431	10648	0	0	1173.0	471.0

2019-03-06-16-31-04-511	10649	0	1	1173.0	471.0

2019-03-06-16-31-04-583	10650	0	0	482.0	346.0

2019-03-06-16-31-04-719	10651	0	1	482.0	346.0

2019-03-06-16-31-04-749	10652	0	0	1432.0	412.0

2019-03-06-16-31-04-848	10653	0	1	1432.0	412.0

2019-03-06-16-31-04-980	10654	0	0	347.0	324.0

2019-03-06-16-31-05-109	10655	0	1	347.0	324.0

2019-03-06-16-31-05-144	10656	0	0	1503.0	312.0

2019-03-06-16-31-05-223	10657	0	1	1503.0	312.0

2019-03-06-16-31-05-322	10658	0	0	434.0	354.0

2019-03-06-16-31-05-437	10659	0	5	1260.0	295.0

2019-03-06-16-31-05-493	10660	0	6	436.0	361.0

2019-03-06-16-31-05-542	10661	0	1	1260.0	295.0

2019-03-06-16-31-05-688	10662	0	0	415.0	310.0

2019-03-06-16-31-05-781	10663	0	5	1291.0	229.0

2019-03-06-16-31-05-812	10664	0	6	415.0	310.0

2019-03-06-16-31-05-865	10665	0	1	1292.0	239.0

