2019-03-06-16-21-39-240	0	131073	-0.06406739	0.8516963	0.5855116
2019-03-06-16-21-39-244	1	131074	-0.06194456	0.8062216	0.6088407
2019-03-06-16-21-39-247	2	131075	-0.08626959	0.8075041	0.5942469
2019-03-06-16-21-39-250	3	131076	-0.02213049	0.8282683	0.5695525
2019-03-06-16-21-39-303	4	131073	-0.06406339	0.8516906	0.5855056
2019-03-06-16-21-39-306	5	131074	-0.06194068	0.8062204	0.6088368
2019-03-06-16-21-39-309	6	131075	-0.08626785	0.8074991	0.5942444
2019-03-06-16-21-39-311	7	131076	-0.02212896	0.8282666	0.5695489
2019-03-06-16-21-39-483	8	131073	-0.06406581	0.8516999	0.5855113
2019-03-06-16-21-39-486	9	131074	-0.06194386	0.8062257	0.6088409
2019-03-06-16-21-39-488	10	131075	-0.08626812	0.8075047	0.5942447
2019-03-06-16-21-39-491	11	131076	-0.02213178	0.8282749	0.5695562
2019-03-06-16-21-39-517	12	131073	-0.06406736	0.8517006	0.5855131
2019-03-06-16-21-39-520	13	131074	-0.06194496	0.8062159	0.6088428
2019-03-06-16-21-39-522	14	131075	-0.08626924	0.8074974	0.5942472
2019-03-06-16-21-39-525	15	131076	-0.02213374	0.8282751	0.5695558
2019-03-06-16-21-39-532	16	131073	-0.06406666	0.8516915	0.5855169
2019-03-06-16-21-39-535	17	131074	-0.06194754	0.8062218	0.6088423
2019-03-06-16-21-39-537	18	131075	-0.08626945	0.8074934	0.5942478
2019-03-06-16-21-39-539	19	131076	-0.02213349	0.8282682	0.5695553
2019-03-06-16-21-39-547	20	131073	-0.0640699	0.8516858	0.5855105
2019-03-06-16-21-39-550	21	131074	-0.06194589	0.8062195	0.6088399
2019-03-06-16-21-39-553	22	131075	-0.08627078	0.807497	0.5942478
2019-03-06-16-21-39-555	23	131076	-0.02213648	0.8282716	0.5695531
2019-03-06-16-21-39-564	24	131073	-0.06406506	0.8516855	0.5855107
2019-03-06-16-21-39-568	25	131074	-0.06194263	0.8062192	0.6088406
2019-03-06-16-21-39-571	26	131075	-0.08626888	0.8074966	0.5942457
2019-03-06-16-21-39-573	27	131076	-0.02213361	0.8282678	0.5695516
2019-03-06-16-21-39-579	28	131073	-0.06406352	0.8516783	0.5855047
2019-03-06-16-21-39-582	29	131074	-0.06194668	0.8062186	0.608837
2019-03-06-16-21-39-585	30	131075	-0.08626527	0.8074916	0.5942442
2019-03-06-16-21-39-588	31	131076	-0.02213293	0.828265	0.5695516
2019-03-06-16-21-39-597	32	131073	-0.06406311	0.8516834	0.5855058
2019-03-06-16-21-39-600	33	131074	-0.06194291	0.8062183	0.6088398
2019-03-06-16-21-39-604	34	131075	-0.08626571	0.8074967	0.5942438
2019-03-06-16-21-39-607	35	131076	-0.02212926	0.8282662	0.5695488
2019-03-06-16-21-39-614	36	131073	-0.06406283	0.8516924	0.5855078
2019-03-06-16-21-39-619	37	131074	-0.06194228	0.8062283	0.6088392
2019-03-06-16-21-39-622	38	131075	-0.08626577	0.807498	0.5942445
2019-03-06-16-21-39-625	39	131076	-0.02213039	0.8282769	0.56955
2019-03-06-16-21-39-634	40	131073	-0.06404187	0.8516318	0.5855094
2019-03-06-16-21-39-637	41	131074	-0.06193981	0.8062275	0.6088441
2019-03-06-16-21-39-641	42	131075	-0.08626617	0.8074949	0.5942457
2019-03-06-16-21-39-644	43	131076	-0.0221309	0.8282747	0.5695569
2019-03-06-16-21-39-651	44	131073	-0.06406496	0.8517027	0.5855142
2019-03-06-16-21-39-655	45	131074	-0.06194223	0.8062335	0.6088414
2019-03-06-16-21-39-658	46	131075	-0.08626902	0.8075001	0.5942501
2019-03-06-16-21-39-662	47	131076	-0.02213246	0.8282768	0.5695555
2019-03-06-16-21-39-670	48	131073	-0.06406818	0.8517005	0.5855197
2019-03-06-16-21-39-673	49	131074	-0.06194515	0.8062264	0.6088437
2019-03-06-16-21-39-677	50	131075	-0.08627012	0.8075008	0.5942504
2019-03-06-16-21-39-680	51	131076	-0.02213446	0.8282808	0.5695578
2019-03-06-16-21-39-687	52	131073	-0.06406891	0.8517053	0.5855184
2019-03-06-16-21-39-691	53	131074	-0.06194743	0.8062249	0.6088415
2019-03-06-16-21-39-694	54	131075	-0.08627003	0.8075059	0.5942498
2019-03-06-16-21-39-697	55	131076	-0.02213653	0.8282779	0.5695563
2019-03-06-16-21-39-706	56	131073	-0.06404324	0.8516324	0.5855073
2019-03-06-16-21-39-710	57	131074	-0.06194483	0.8062261	0.6088408
2019-03-06-16-21-39-714	58	131075	-0.08626852	0.8075039	0.5942495
2019-03-06-16-21-39-718	59	131076	-0.02213332	0.8282791	0.5695561
2019-03-06-16-21-39-725	60	131073	-0.06406455	0.8516898	0.5855085
2019-03-06-16-21-39-729	61	131074	-0.06194019	0.8062207	0.6088374
2019-03-06-16-21-39-733	62	131075	-0.08626677	0.8074906	0.5942425
2019-03-06-16-21-39-737	63	131076	-0.02213159	0.8282665	0.5695509
2019-03-06-16-21-39-747	64	131073	-0.06406356	0.851693	0.5855058
2019-03-06-16-21-39-751	65	131074	-0.06194192	0.806219	0.6088377
2019-03-06-16-21-39-755	66	131075	-0.08626528	0.8074964	0.5942428
2019-03-06-16-21-39-758	67	131076	-0.02212999	0.8282643	0.5695512
2019-03-06-16-21-39-765	68	131073	-0.06406896	0.8516896	0.585503
2019-03-06-16-21-39-770	69	131074	-0.06194311	0.8062198	0.6088344
2019-03-06-16-21-39-773	70	131075	-0.08626895	0.8074958	0.594241
2019-03-06-16-21-39-777	71	131076	-0.02213268	0.8282624	0.5695484
2019-03-06-16-21-39-785	72	131073	-0.06406686	0.8516917	0.5855079
2019-03-06-16-21-39-789	73	131074	-0.06194204	0.8062271	0.608838
2019-03-06-16-21-39-793	74	131075	-0.08626983	0.8074977	0.5942446
2019-03-06-16-21-39-797	75	131076	-0.02213251	0.8282729	0.5695511
2019-03-06-16-21-39-807	76	131073	-0.06406303	0.8516951	0.5855106
2019-03-06-16-21-39-811	77	131074	-0.06194181	0.8062168	0.6088402
2019-03-06-16-21-39-815	78	131075	-0.08627231	0.8075041	0.5942474
2019-03-06-16-21-39-819	79	131076	-0.02213248	0.8282642	0.5695506
2019-03-06-16-21-39-828	80	131073	-0.06406501	0.8516959	0.585516
2019-03-06-16-21-39-832	81	131074	-0.06194291	0.8062199	0.6088435
2019-03-06-16-21-39-836	82	131075	-0.08626942	0.8075037	0.5942488
2019-03-06-16-21-39-840	83	131076	-0.02213194	0.8282739	0.5695557
2019-03-06-16-21-39-848	84	131073	-0.06406674	0.8516966	0.5855192
2019-03-06-16-21-39-852	85	131074	-0.06194233	0.8062189	0.6088408
2019-03-06-16-21-39-856	86	131075	-0.08627143	0.8075032	0.5942512
2019-03-06-16-21-39-859	87	131076	-0.02213273	0.8282725	0.569557
2019-03-06-16-21-39-867	88	131073	-0.06406602	0.8517032	0.5855141
2019-03-06-16-21-39-871	89	131074	-0.06194199	0.806222	0.60884
2019-03-06-16-21-39-875	90	131075	-0.08627089	0.8075081	0.5942456
2019-03-06-16-21-39-878	91	131076	-0.02213159	0.8282675	0.5695556
2019-03-06-16-21-39-886	92	131073	-0.06406182	0.8516945	0.5855149
2019-03-06-16-21-39-890	93	131074	-0.06193977	0.8062204	0.6088417
2019-03-06-16-21-39-894	94	131075	-0.08626678	0.8075032	0.5942504
2019-03-06-16-21-39-898	95	131076	-0.02213018	0.8282713	0.5695547
2019-03-06-16-21-39-905	96	131073	-0.06406657	0.8517012	0.585506
2019-03-06-16-21-39-910	97	131074	-0.06194563	0.8062247	0.608839
2019-03-06-16-21-39-913	98	131075	-0.08626763	0.8075008	0.5942432
2019-03-06-16-21-39-917	99	131076	-0.02213279	0.8282705	0.5695502
2019-03-06-16-21-39-928	100	131073	-0.06406274	0.8517025	0.5855075
2019-03-06-16-21-39-933	101	131074	-0.06194086	0.8062162	0.6088364
2019-03-06-16-21-39-937	102	131075	-0.08626548	0.8075052	0.5942439
2019-03-06-16-21-39-941	103	131076	-0.02212929	0.828267	0.5695479
2019-03-06-16-21-39-949	104	131073	-0.06406306	0.8516939	0.585507
2019-03-06-16-21-39-954	105	131074	-0.06193899	0.8062299	0.6088382
2019-03-06-16-21-39-958	106	131075	-0.08626693	0.8075017	0.5942425
2019-03-06-16-21-39-961	107	131076	-0.02213044	0.8282692	0.5695469
2019-03-06-16-21-39-969	108	131073	-0.06406643	0.851697	0.5855076
2019-03-06-16-21-39-973	109	131074	-0.06194228	0.806219	0.6088363
2019-03-06-16-21-39-977	110	131075	-0.08626802	0.8075105	0.5942435
2019-03-06-16-21-39-981	111	131076	-0.0221335	0.8282692	0.5695493
2019-03-06-16-21-39-990	112	131073	-0.0640682	0.8516961	0.5855129
2019-03-06-16-21-39-994	113	131074	-0.06194678	0.8062238	0.6088408
2019-03-06-16-21-39-998	114	131075	-0.08627009	0.8075023	0.5942487
2019-03-06-16-21-40-002	115	131076	-0.02213458	0.8282713	0.5695546
2019-03-06-16-21-40-010	116	131073	-0.06406847	0.8516932	0.5855147
2019-03-06-16-21-40-014	117	131074	-0.0619453	0.8062238	0.6088428
2019-03-06-16-21-40-018	118	131075	-0.08627198	0.8075019	0.5942494
2019-03-06-16-21-40-022	119	131076	-0.02213469	0.8282652	0.5695556
2019-03-06-16-21-40-032	120	131073	-0.06406993	0.8516951	0.5855125
2019-03-06-16-21-40-037	121	131074	-0.06194776	0.8062226	0.6088426
2019-03-06-16-21-40-041	122	131075	-0.08627147	0.8074941	0.5942495
2019-03-06-16-21-40-045	123	131076	-0.02213375	0.8282756	0.5695568
2019-03-06-16-21-40-054	124	131073	-0.06406539	0.8516934	0.5855129
2019-03-06-16-21-40-059	125	131074	-0.06194473	0.8062207	0.6088432
2019-03-06-16-21-40-063	126	131075	-0.08627002	0.8075002	0.5942482
2019-03-06-16-21-40-067	127	131076	-0.02213174	0.8282654	0.5695554
2019-03-06-16-21-40-076	128	131073	-0.06406321	0.8516943	0.5855038
2019-03-06-16-21-40-080	129	131074	-0.06194305	0.8062298	0.6088378
2019-03-06-16-21-40-084	130	131075	-0.08626623	0.8074961	0.5942424
2019-03-06-16-21-40-088	131	131076	-0.02212737	0.8282713	0.5695524
2019-03-06-16-21-40-097	132	131073	-0.06405643	0.8516886	0.5855063
2019-03-06-16-21-40-101	133	131074	-0.06193788	0.8062253	0.6088406
2019-03-06-16-21-40-105	134	131075	-0.08626159	0.807504	0.5942472
2019-03-06-16-21-40-108	135	131076	-0.02212831	0.8282707	0.5695492
2019-03-06-16-21-40-117	136	131073	-0.06405909	0.8516991	0.5855086
2019-03-06-16-21-40-120	137	131074	-0.06193924	0.8062302	0.6088402
2019-03-06-16-21-40-124	138	131075	-0.08626257	0.8075096	0.5942441
2019-03-06-16-21-40-127	139	131076	-0.02212704	0.8282762	0.5695516
2019-03-06-16-21-40-133	140	131073	-0.06405921	0.851693	0.58551
2019-03-06-16-21-40-137	141	131074	-0.06194193	0.8062294	0.6088418
2019-03-06-16-21-40-143	142	131075	-0.08626727	0.8075024	0.5942465
2019-03-06-16-21-40-146	143	131076	-0.02213105	0.8282738	0.569554
2019-03-06-16-21-40-156	144	131073	-0.0640652	0.8517015	0.5855108
2019-03-06-16-21-40-165	145	131074	-0.06194543	0.8062209	0.6088404
2019-03-06-16-21-40-169	146	131075	-0.08626968	0.8074968	0.594245
2019-03-06-16-21-40-172	147	131076	-0.02213693	0.828272	0.5695521
2019-03-06-16-21-40-180	148	131073	-0.06406607	0.8516865	0.5855129
2019-03-06-16-21-40-185	149	131074	-0.06194841	0.806225	0.6088431
2019-03-06-16-21-40-190	150	131075	-0.08627237	0.8074991	0.5942461
2019-03-06-16-21-40-194	151	131076	-0.02213597	0.8282697	0.5695583
2019-03-06-16-21-40-207	152	131073	-0.06406803	0.851692	0.5855105
2019-03-06-16-21-40-212	153	131074	-0.06194751	0.8062258	0.6088426
2019-03-06-16-21-40-217	154	131075	-0.08626983	0.8074943	0.5942443
2019-03-06-16-21-40-222	155	131076	-0.02213391	0.828265	0.5695512
2019-03-06-16-21-40-231	156	131073	-0.06406625	0.8516891	0.5855106
2019-03-06-16-21-40-236	157	131074	-0.0619439	0.8062257	0.6088412
2019-03-06-16-21-40-241	158	131075	-0.08626933	0.8074988	0.5942442
2019-03-06-16-21-40-246	159	131076	-0.02213411	0.8282749	0.5695531
2019-03-06-16-21-40-256	160	131073	-0.06406214	0.8516892	0.585506
2019-03-06-16-21-40-261	161	131074	-0.0619413	0.8062314	0.6088396
2019-03-06-16-21-40-266	162	131075	-0.08626403	0.8074977	0.5942435
2019-03-06-16-21-40-271	163	131076	-0.02213194	0.8282693	0.5695513
2019-03-06-16-21-40-281	164	131073	-0.06405603	0.8516902	0.5855073
2019-03-06-16-21-40-287	165	131074	-0.06193952	0.8062288	0.6088427
2019-03-06-16-21-40-292	166	131075	-0.08625871	0.8075032	0.5942462
2019-03-06-16-21-40-296	167	131076	-0.02212546	0.8282731	0.569555
2019-03-06-16-21-40-307	168	131073	-0.06405693	0.8516958	0.5855168
2019-03-06-16-21-40-312	169	131074	-0.06193721	0.8062316	0.6088474
2019-03-06-16-21-40-317	170	131075	-0.08626449	0.807513	0.5942512
2019-03-06-16-21-40-322	171	131076	-0.02212608	0.8282699	0.5695576
2019-03-06-16-21-40-332	172	131073	-0.06406555	0.8517022	0.5855181
2019-03-06-16-21-40-337	173	131074	-0.06194086	0.8062238	0.6088442
2019-03-06-16-21-40-342	174	131075	-0.0862683	0.807507	0.5942519
2019-03-06-16-21-40-347	175	131076	-0.02213265	0.8282741	0.5695578
2019-03-06-16-21-40-356	176	131073	-0.0640661	0.8516979	0.5855147
2019-03-06-16-21-40-361	177	131074	-0.06194893	0.8062251	0.6088438
2019-03-06-16-21-40-367	178	131075	-0.08626949	0.8075011	0.5942491
2019-03-06-16-21-40-371	179	131076	-0.02213288	0.8282732	0.5695539
2019-03-06-16-21-40-380	180	131073	-0.06406831	0.8516895	0.5855089
2019-03-06-16-21-40-384	181	131074	-0.06194469	0.8062159	0.6088398
2019-03-06-16-21-40-389	182	131075	-0.0862709	0.8075013	0.5942472
2019-03-06-16-21-40-394	183	131076	-0.02213445	0.8282671	0.5695523
2019-03-06-16-21-40-403	184	131073	-0.06406365	0.8516873	0.5855043
2019-03-06-16-21-40-408	185	131074	-0.06194482	0.8062166	0.6088346
2019-03-06-16-21-40-413	186	131075	-0.08626541	0.8074937	0.5942388
2019-03-06-16-21-40-418	187	131076	-0.02213305	0.8282678	0.5695491
2019-03-06-16-21-40-428	188	131073	-0.06406239	0.8516869	0.5854992
2019-03-06-16-21-40-434	189	131074	-0.06193693	0.8062329	0.6088371
2019-03-06-16-21-40-439	190	131075	-0.0862602	0.8074947	0.5942387
2019-03-06-16-21-40-444	191	131076	-0.02212857	0.8282665	0.5695457
2019-03-06-16-21-40-454	192	131073	-0.06405946	0.8516884	0.585509
2019-03-06-16-21-40-459	193	131074	-0.06193973	0.8062172	0.6088401
2019-03-06-16-21-40-464	194	131075	-0.08626226	0.8074997	0.5942468
2019-03-06-16-21-40-470	195	131076	-0.02212852	0.8282652	0.5695516
2019-03-06-16-21-40-477	196	131073	-0.06406175	0.8516913	0.5855188
2019-03-06-16-21-40-481	197	131074	-0.06194246	0.8062282	0.608847
2019-03-06-16-21-40-485	198	131075	-0.08626634	0.8075017	0.5942496
2019-03-06-16-21-40-489	199	131076	-0.02213308	0.8282737	0.5695595
2019-03-06-16-21-40-500	200	131073	-0.06406565	0.8517032	0.5855222
2019-03-06-16-21-40-504	201	131074	-0.06194528	0.8062299	0.6088499
2019-03-06-16-21-40-508	202	131075	-0.08626772	0.8075098	0.594255
2019-03-06-16-21-40-511	203	131076	-0.0221347	0.8282763	0.5695599
2019-03-06-16-21-40-518	204	131073	-0.06406549	0.8516941	0.5855179
2019-03-06-16-21-40-522	205	131074	-0.0619473	0.8062317	0.6088455
2019-03-06-16-21-40-526	206	131075	-0.0862698	0.8075079	0.5942509
2019-03-06-16-21-40-530	207	131076	-0.02213668	0.8282837	0.5695615
2019-03-06-16-21-40-539	208	131073	-0.06406679	0.8516933	0.5855135
2019-03-06-16-21-40-543	209	131074	-0.06194709	0.8062207	0.6088423
2019-03-06-16-21-40-546	210	131075	-0.08627018	0.8074998	0.5942497
2019-03-06-16-21-40-550	211	131076	-0.02213556	0.8282758	0.5695553
2019-03-06-16-21-40-562	212	131073	-0.06406858	0.8516926	0.5855079
2019-03-06-16-21-40-566	213	131074	-0.06194378	0.8062249	0.6088363
2019-03-06-16-21-40-570	214	131075	-0.08626867	0.8074909	0.5942423
2019-03-06-16-21-40-575	215	131076	-0.02213446	0.8282693	0.5695474
2019-03-06-16-21-40-586	216	131073	-0.06406028	0.8516834	0.5855013
2019-03-06-16-21-40-591	217	131074	-0.06194178	0.8062187	0.6088354
2019-03-06-16-21-40-595	218	131075	-0.08626486	0.8074923	0.5942391
2019-03-06-16-21-40-599	219	131076	-0.02212807	0.8282679	0.5695465
2019-03-06-16-21-40-608	220	131073	-0.06406116	0.851689	0.5855009
2019-03-06-16-21-40-612	221	131074	-0.06194242	0.8062208	0.6088361
2019-03-06-16-21-40-616	222	131075	-0.08626402	0.8074921	0.5942397
2019-03-06-16-21-40-621	223	131076	-0.02212992	0.8282635	0.5695487
2019-03-06-16-21-40-630	224	131073	-0.06406215	0.851694	0.5855098
2019-03-06-16-21-40-635	225	131074	-0.06194118	0.8062209	0.6088376
2019-03-06-16-21-40-639	226	131075	-0.08626454	0.8074978	0.5942436
2019-03-06-16-21-40-644	227	131076	-0.02212743	0.8282711	0.5695509
2019-03-06-16-21-40-655	228	131073	-0.06403954	0.8516352	0.5855108
2019-03-06-16-21-40-660	229	131074	-0.06194158	0.8062215	0.6088434
2019-03-06-16-21-40-664	230	131075	-0.08626632	0.8074974	0.5942486
2019-03-06-16-21-40-668	231	131076	-0.02213147	0.828274	0.5695578
2019-03-06-16-21-40-678	232	131073	-0.06406788	0.851697	0.5855219
2019-03-06-16-21-40-683	233	131074	-0.06194337	0.8062272	0.6088484
2019-03-06-16-21-40-687	234	131075	-0.08627273	0.8075017	0.5942535
2019-03-06-16-21-40-692	235	131076	-0.02213551	0.8282689	0.5695584
2019-03-06-16-21-40-703	236	131073	-0.06406791	0.851696	0.5855196
2019-03-06-16-21-40-707	237	131074	-0.0619438	0.8062255	0.6088444
2019-03-06-16-21-40-712	238	131075	-0.08627023	0.807495	0.59425
2019-03-06-16-21-40-716	239	131076	-0.02213147	0.8282633	0.5695548
2019-03-06-16-21-40-724	240	131073	-0.06406502	0.8516887	0.5855055
2019-03-06-16-21-40-729	241	131074	-0.06194444	0.8062221	0.6088383
2019-03-06-16-21-40-733	242	131075	-0.0862679	0.807499	0.5942456
2019-03-06-16-21-40-737	243	131076	-0.02213129	0.8282661	0.5695481
2019-03-06-16-21-40-749	244	131073	-0.06406259	0.851681	0.5854965
2019-03-06-16-21-40-754	245	131074	-0.06194037	0.8062171	0.6088348
2019-03-06-16-21-40-758	246	131075	-0.08626329	0.8074929	0.5942401
2019-03-06-16-21-40-763	247	131076	-0.02212762	0.8282646	0.5695443
2019-03-06-16-21-40-773	248	131073	-0.06406022	0.8516883	0.5855013
2019-03-06-16-21-40-783	249	131074	-0.0619364	0.8062178	0.6088352
2019-03-06-16-21-40-788	250	131075	-0.08626328	0.8074977	0.5942404
2019-03-06-16-21-40-792	251	131076	-0.02212894	0.8282654	0.5695446
2019-03-06-16-21-40-802	252	131073	-0.06406027	0.8516929	0.5855102
2019-03-06-16-21-40-806	253	131074	-0.06193911	0.8062177	0.6088389
2019-03-06-16-21-40-811	254	131075	-0.08626457	0.8075013	0.5942456
2019-03-06-16-21-40-815	255	131076	-0.02212992	0.828267	0.5695528
2019-03-06-16-21-40-844	256	131073	-0.06406585	0.8516929	0.5855203
2019-03-06-16-21-40-849	257	131074	-0.06194522	0.8062215	0.6088487
2019-03-06-16-21-40-854	258	131075	-0.08626939	0.807499	0.5942537
2019-03-06-16-21-40-858	259	131076	-0.02213305	0.8282681	0.5695567
2019-03-06-16-21-40-878	260	131073	-0.0640672	0.8516901	0.5855118
2019-03-06-16-21-40-883	261	131074	-0.06194446	0.8062171	0.6088443
2019-03-06-16-21-40-887	262	131075	-0.08626753	0.8074946	0.5942444
2019-03-06-16-21-40-892	263	131076	-0.02213347	0.8282639	0.5695557
2019-03-06-16-21-40-901	264	131073	-0.06406599	0.8516884	0.5855052
2019-03-06-16-21-40-906	265	131074	-0.06194236	0.8062161	0.6088387
2019-03-06-16-21-40-910	266	131075	-0.08627134	0.8074989	0.5942438
2019-03-06-16-21-40-914	267	131076	-0.02213333	0.8282646	0.5695494
2019-03-06-16-21-40-928	268	131073	-0.06406418	0.8516899	0.5855001
2019-03-06-16-21-40-932	269	131074	-0.06194307	0.8062198	0.6088349
2019-03-06-16-21-40-937	270	131075	-0.08626734	0.8074896	0.5942426
2019-03-06-16-21-40-941	271	131076	-0.02212911	0.8282652	0.5695459
2019-03-06-16-21-40-951	272	131073	-0.06406098	0.8516861	0.585503
2019-03-06-16-21-40-956	273	131074	-0.06194	0.8062195	0.6088355
2019-03-06-16-21-40-960	274	131075	-0.0862659	0.8074984	0.594244
2019-03-06-16-21-40-964	275	131076	-0.02212491	0.8282643	0.5695489
2019-03-06-16-21-40-976	276	131073	-0.06406065	0.8516972	0.5855131
2019-03-06-16-21-40-981	277	131074	-0.06193947	0.8062235	0.6088411
2019-03-06-16-21-40-985	278	131075	-0.08626651	0.8075009	0.5942475
2019-03-06-16-21-40-989	279	131076	-0.0221274	0.8282607	0.5695525
2019-03-06-16-21-40-999	280	131073	-0.06406169	0.8516907	0.5855179
2019-03-06-16-21-41-004	281	131074	-0.06193932	0.8062208	0.6088454
2019-03-06-16-21-41-008	282	131075	-0.08626556	0.8075009	0.5942501
2019-03-06-16-21-41-012	283	131076	-0.0221311	0.8282658	0.5695587
2019-03-06-16-21-41-022	284	131073	-0.06406176	0.85169	0.5855179
2019-03-06-16-21-41-027	285	131074	-0.06194267	0.8062235	0.608844
2019-03-06-16-21-41-031	286	131075	-0.08626477	0.8074985	0.594247
2019-03-06-16-21-41-035	287	131076	-0.02213033	0.8282747	0.5695586
2019-03-06-16-21-41-045	288	131073	-0.06406658	0.8516915	0.5855148
2019-03-06-16-21-41-049	289	131074	-0.06194521	0.8062159	0.6088424
2019-03-06-16-21-41-053	290	131075	-0.08626848	0.8074942	0.594243
2019-03-06-16-21-41-058	291	131076	-0.0221353	0.8282685	0.5695559
2019-03-06-16-21-41-068	292	131073	-0.06406521	0.8516948	0.5855045
2019-03-06-16-21-41-072	293	131074	-0.06194662	0.8062159	0.6088354
2019-03-06-16-21-41-076	294	131075	-0.08626759	0.8074937	0.5942416
2019-03-06-16-21-41-081	295	131076	-0.02213535	0.8282692	0.5695517
2019-03-06-16-21-41-090	296	131073	-0.06406594	0.8516895	0.5854977
2019-03-06-16-21-41-095	297	131074	-0.06194034	0.8062233	0.608834
2019-03-06-16-21-41-099	298	131075	-0.08626803	0.8074962	0.5942387
2019-03-06-16-21-41-103	299	131076	-0.02213199	0.8282701	0.5695451
2019-03-06-16-21-41-112	300	131073	-0.06406159	0.8516901	0.5855011
2019-03-06-16-21-41-117	301	131074	-0.0619413	0.806224	0.6088356
2019-03-06-16-21-41-122	302	131075	-0.08626344	0.8074965	0.5942399
2019-03-06-16-21-41-126	303	131076	-0.02212928	0.8282621	0.5695438
2019-03-06-16-21-41-137	304	131073	-0.064062	0.8516911	0.5855107
2019-03-06-16-21-41-142	305	131074	-0.06193957	0.8062135	0.6088386
2019-03-06-16-21-41-146	306	131075	-0.08626645	0.8074899	0.5942455
2019-03-06-16-21-41-151	307	131076	-0.02213196	0.8282669	0.569553
2019-03-06-16-21-41-162	308	131073	-0.06406327	0.8516918	0.5855187
2019-03-06-16-21-41-167	309	131074	-0.06193937	0.8062194	0.6088442
2019-03-06-16-21-41-171	310	131075	-0.08626572	0.8074995	0.5942532
2019-03-06-16-21-41-176	311	131076	-0.02212868	0.8282624	0.5695575
2019-03-06-16-21-41-188	312	131073	-0.06404369	0.8516281	0.5855148
2019-03-06-16-21-41-193	313	131074	-0.06194498	0.8062216	0.6088487
2019-03-06-16-21-41-197	314	131075	-0.08627126	0.8075052	0.5942531
2019-03-06-16-21-41-201	315	131076	-0.02213374	0.8282666	0.5695608
2019-03-06-16-21-41-214	316	131073	-0.06406648	0.8516921	0.5855211
2019-03-06-16-21-41-218	317	131074	-0.06194497	0.8062149	0.6088403
2019-03-06-16-21-41-223	318	131075	-0.08627168	0.8074951	0.5942485
2019-03-06-16-21-41-227	319	131076	-0.02213214	0.8282599	0.5695573
2019-03-06-16-21-41-238	320	131073	-0.06406508	0.8516893	0.5855047
2019-03-06-16-21-41-243	321	131074	-0.06194736	0.8062249	0.6088384
2019-03-06-16-21-41-247	322	131075	-0.08626951	0.8074918	0.5942392
2019-03-06-16-21-41-252	323	131076	-0.02213455	0.8282635	0.5695483
2019-03-06-16-21-41-263	324	131073	-0.06406564	0.8516854	0.5854957
2019-03-06-16-21-41-268	325	131074	-0.06194507	0.8062306	0.6088334
2019-03-06-16-21-41-274	326	131075	-0.0862691	0.8075022	0.5942397
2019-03-06-16-21-41-279	327	131076	-0.02213597	0.8282649	0.5695428
2019-03-06-16-21-41-289	328	131073	-0.06406681	0.851692	0.5854996
2019-03-06-16-21-41-293	329	131074	-0.06194137	0.8062239	0.6088364
2019-03-06-16-21-41-297	330	131075	-0.08626559	0.8074946	0.5942367
2019-03-06-16-21-41-302	331	131076	-0.02213212	0.8282673	0.5695444
2019-03-06-16-21-41-312	332	131073	-0.06406461	0.8516899	0.5855076
2019-03-06-16-21-41-317	333	131074	-0.06194252	0.8062236	0.608842
2019-03-06-16-21-41-321	334	131075	-0.08626745	0.8074946	0.5942415
2019-03-06-16-21-41-326	335	131076	-0.02213107	0.8282596	0.5695495
2019-03-06-16-21-41-336	336	131073	-0.0640652	0.8516982	0.5855222
2019-03-06-16-21-41-341	337	131074	-0.0619431	0.8062226	0.6088449
2019-03-06-16-21-41-345	338	131075	-0.08626641	0.8074979	0.5942491
2019-03-06-16-21-41-349	339	131076	-0.0221299	0.8282718	0.5695597
2019-03-06-16-21-41-359	340	131073	-0.06406405	0.8516962	0.5855245
2019-03-06-16-21-41-364	341	131074	-0.06194507	0.806233	0.6088517
2019-03-06-16-21-41-368	342	131075	-0.08626676	0.8075037	0.5942566
2019-03-06-16-21-41-373	343	131076	-0.02213334	0.8282686	0.5695612
2019-03-06-16-21-41-384	344	131073	-0.06406534	0.8516881	0.5855194
2019-03-06-16-21-41-388	345	131074	-0.061947	0.8062221	0.6088444
2019-03-06-16-21-41-393	346	131075	-0.08626965	0.8074937	0.5942506
2019-03-06-16-21-41-397	347	131076	-0.02213277	0.8282726	0.569559
2019-03-06-16-21-41-409	348	131073	-0.06406508	0.8516935	0.5855109
2019-03-06-16-21-41-413	349	131074	-0.06194637	0.8062261	0.6088394
2019-03-06-16-21-41-417	350	131075	-0.08627176	0.8075003	0.5942478
2019-03-06-16-21-41-421	351	131076	-0.02213102	0.8282655	0.5695491
2019-03-06-16-21-41-433	352	131073	-0.06406485	0.8516901	0.585499
2019-03-06-16-21-41-437	353	131074	-0.06194335	0.8062245	0.6088325
2019-03-06-16-21-41-441	354	131075	-0.08626754	0.8074904	0.5942383
2019-03-06-16-21-41-445	355	131076	-0.02212924	0.8282639	0.5695455
2019-03-06-16-21-41-454	356	131073	-0.06406466	0.8516836	0.5854976
2019-03-06-16-21-41-458	357	131074	-0.06194195	0.8062204	0.6088324
2019-03-06-16-21-41-462	358	131075	-0.08626553	0.807492	0.5942366
2019-03-06-16-21-41-466	359	131076	-0.02212908	0.8282543	0.5695398
2019-03-06-16-21-41-477	360	131073	-0.06406226	0.8516927	0.5855052
2019-03-06-16-21-41-481	361	131074	-0.06194372	0.8062165	0.6088338
2019-03-06-16-21-41-485	362	131075	-0.08626743	0.8074975	0.5942425
2019-03-06-16-21-41-489	363	131076	-0.02212878	0.8282655	0.5695488
2019-03-06-16-21-41-499	364	131073	-0.06406447	0.8516955	0.5855144
2019-03-06-16-21-41-503	365	131074	-0.06194254	0.8062269	0.6088427
2019-03-06-16-21-41-507	366	131075	-0.08626598	0.8075001	0.5942473
2019-03-06-16-21-41-511	367	131076	-0.02213182	0.82827	0.569555
2019-03-06-16-21-41-520	368	131073	-0.0640625	0.8516959	0.5855243
2019-03-06-16-21-41-524	369	131074	-0.0619422	0.806219	0.6088471
2019-03-06-16-21-41-528	370	131075	-0.08626631	0.8075001	0.5942513
2019-03-06-16-21-41-532	371	131076	-0.02212968	0.8282676	0.5695596
2019-03-06-16-21-41-542	372	131073	-0.06406708	0.851696	0.5855219
2019-03-06-16-21-41-546	373	131074	-0.0619472	0.8062242	0.6088461
2019-03-06-16-21-41-550	374	131075	-0.08626708	0.8075063	0.5942523
2019-03-06-16-21-41-554	375	131076	-0.02213662	0.8282714	0.569563
2019-03-06-16-21-41-566	376	131073	-0.06406371	0.8516958	0.5855144
2019-03-06-16-21-41-571	377	131074	-0.06194335	0.8062254	0.6088431
2019-03-06-16-21-41-574	378	131075	-0.08626985	0.8075033	0.5942523
2019-03-06-16-21-41-578	379	131076	-0.02213371	0.8282725	0.5695548
2019-03-06-16-21-41-589	380	131073	-0.06406458	0.8516906	0.5855113
2019-03-06-16-21-41-593	381	131074	-0.06194673	0.8062173	0.6088377
2019-03-06-16-21-41-596	382	131075	-0.08626828	0.8074897	0.5942447
2019-03-06-16-21-41-600	383	131076	-0.02213324	0.8282675	0.5695498
2019-03-06-16-21-41-610	384	131073	-0.06406536	0.8516903	0.5855024
2019-03-06-16-21-41-615	385	131074	-0.06194194	0.8062162	0.6088326
2019-03-06-16-21-41-619	386	131075	-0.08626882	0.8074897	0.5942393
2019-03-06-16-21-41-623	387	131076	-0.02213262	0.8282655	0.5695482
2019-03-06-16-21-41-632	388	131073	-0.064062	0.8516837	0.5854974
2019-03-06-16-21-41-637	389	131074	-0.06194089	0.8062259	0.6088362
2019-03-06-16-21-41-640	390	131075	-0.08626582	0.8074961	0.5942397
2019-03-06-16-21-41-644	391	131076	-0.0221288	0.8282594	0.5695429
2019-03-06-16-21-41-654	392	131073	-0.06406414	0.8516939	0.5855048
2019-03-06-16-21-41-659	393	131074	-0.06193995	0.8062175	0.60884
2019-03-06-16-21-41-662	394	131075	-0.08626399	0.807502	0.594242
2019-03-06-16-21-41-666	395	131076	-0.02213283	0.8282725	0.5695491
2019-03-06-16-21-41-676	396	131073	-0.06406496	0.8516942	0.5855137
2019-03-06-16-21-41-680	397	131074	-0.06194116	0.8062248	0.6088424
2019-03-06-16-21-41-684	398	131075	-0.08626835	0.8074939	0.5942435
2019-03-06-16-21-41-688	399	131076	-0.0221338	0.8282719	0.5695562
2019-03-06-16-21-41-699	400	131073	-0.06406562	0.8516999	0.5855175
2019-03-06-16-21-41-703	401	131074	-0.0619441	0.8062222	0.6088435
2019-03-06-16-21-41-707	402	131075	-0.08626729	0.8075017	0.5942484
2019-03-06-16-21-41-711	403	131076	-0.02213402	0.8282791	0.5695606
2019-03-06-16-21-41-724	404	131073	-0.06406339	0.8517029	0.5855147
2019-03-06-16-21-41-727	405	131074	-0.06194232	0.8062307	0.6088421
2019-03-06-16-21-41-731	406	131075	-0.08626574	0.8074992	0.5942485
2019-03-06-16-21-41-734	407	131076	-0.02213027	0.8282715	0.5695551
2019-03-06-16-21-41-746	408	131073	-0.06406256	0.8517003	0.5855165
2019-03-06-16-21-41-751	409	131074	-0.06194024	0.8062201	0.6088422
2019-03-06-16-21-41-755	410	131075	-0.08626488	0.8075046	0.5942483
2019-03-06-16-21-41-758	411	131076	-0.02213429	0.8282663	0.5695552
2019-03-06-16-21-41-768	412	131073	-0.06406584	0.8516893	0.5855047
2019-03-06-16-21-41-772	413	131074	-0.06194159	0.806217	0.6088383
2019-03-06-16-21-41-776	414	131075	-0.08626619	0.8075029	0.5942459
2019-03-06-16-21-41-780	415	131076	-0.02212988	0.8282689	0.5695527
2019-03-06-16-21-41-789	416	131073	-0.06406397	0.8516845	0.5855033
2019-03-06-16-21-41-793	417	131074	-0.06194369	0.8062235	0.6088383
2019-03-06-16-21-41-796	418	131075	-0.08626502	0.8074924	0.5942418
2019-03-06-16-21-41-800	419	131076	-0.02213139	0.8282689	0.5695493
2019-03-06-16-21-41-813	420	131073	-0.06406734	0.8516925	0.5855064
2019-03-06-16-21-41-817	421	131074	-0.06194379	0.8062205	0.6088359
2019-03-06-16-21-41-822	422	131075	-0.08626878	0.8075005	0.5942461
2019-03-06-16-21-41-825	423	131076	-0.02213342	0.8282697	0.5695519
2019-03-06-16-21-41-837	424	131073	-0.06406742	0.8516991	0.5855125
2019-03-06-16-21-41-841	425	131074	-0.06194698	0.8062223	0.6088399
2019-03-06-16-21-41-845	426	131075	-0.08627041	0.8075036	0.5942467
2019-03-06-16-21-41-849	427	131076	-0.02213482	0.8282751	0.5695528
2019-03-06-16-21-41-861	428	131073	-0.06406672	0.8516945	0.5855146
2019-03-06-16-21-41-865	429	131074	-0.06194553	0.8062289	0.6088404
2019-03-06-16-21-41-869	430	131075	-0.08627049	0.8075057	0.5942497
2019-03-06-16-21-41-873	431	131076	-0.02213612	0.8282775	0.5695568
2019-03-06-16-21-41-886	432	131073	-0.0640668	0.8516948	0.585519
2019-03-06-16-21-41-891	433	131074	-0.06194759	0.8062274	0.6088436
2019-03-06-16-21-41-895	434	131075	-0.08627382	0.8075035	0.5942516
2019-03-06-16-21-41-898	435	131076	-0.0221354	0.8282751	0.5695573
2019-03-06-16-21-41-909	436	131073	-0.06406394	0.8516908	0.5855126
2019-03-06-16-21-41-913	437	131074	-0.06194042	0.8062275	0.6088429
2019-03-06-16-21-41-917	438	131075	-0.08626801	0.8074967	0.5942484
2019-03-06-16-21-41-921	439	131076	-0.02213141	0.8282787	0.5695544
2019-03-06-16-21-41-932	440	131073	-0.06406208	0.8516915	0.5855068
2019-03-06-16-21-41-937	441	131074	-0.06194406	0.8062294	0.6088378
2019-03-06-16-21-41-941	442	131075	-0.08626376	0.807496	0.5942399
2019-03-06-16-21-41-945	443	131076	-0.02212994	0.8282759	0.5695518
2019-03-06-16-21-41-955	444	131073	-0.06405873	0.85169	0.5855079
2019-03-06-16-21-41-959	445	131074	-0.06193792	0.8062272	0.6088384
2019-03-06-16-21-41-963	446	131075	-0.08626281	0.8074915	0.5942432
2019-03-06-16-21-41-967	447	131076	-0.02212728	0.8282648	0.569547
2019-03-06-16-21-41-978	448	131073	-0.06406333	0.8516891	0.5855027
2019-03-06-16-21-41-982	449	131074	-0.06194592	0.8062238	0.6088377
2019-03-06-16-21-41-986	450	131075	-0.08626497	0.8075031	0.5942447
2019-03-06-16-21-41-990	451	131076	-0.02213002	0.8282674	0.5695508
2019-03-06-16-21-42-002	452	131073	-0.06406604	0.8516868	0.5855142
2019-03-06-16-21-42-006	453	131074	-0.06194511	0.8062229	0.6088435
2019-03-06-16-21-42-010	454	131075	-0.08627278	0.8074976	0.5942453
2019-03-06-16-21-42-014	455	131076	-0.02213343	0.8282701	0.569552
2019-03-06-16-21-42-027	456	131073	-0.06406713	0.8516926	0.5855163
2019-03-06-16-21-42-031	457	131074	-0.06194752	0.8062243	0.608844
2019-03-06-16-21-42-035	458	131075	-0.08627335	0.8074979	0.59425
2019-03-06-16-21-42-039	459	131076	-0.02213752	0.8282696	0.5695561
2019-03-06-16-21-42-049	460	131073	-0.06406579	0.8516954	0.5855186
2019-03-06-16-21-42-053	461	131074	-0.06194318	0.8062178	0.6088459
2019-03-06-16-21-42-057	462	131075	-0.08626762	0.8074958	0.5942476
2019-03-06-16-21-42-061	463	131076	-0.02213421	0.828273	0.569559
2019-03-06-16-21-42-073	464	131073	-0.06406502	0.8516906	0.5855134
2019-03-06-16-21-42-077	465	131074	-0.06194196	0.8062248	0.6088417
2019-03-06-16-21-42-081	466	131075	-0.08626837	0.8074962	0.5942482
2019-03-06-16-21-42-085	467	131076	-0.02213214	0.8282702	0.5695575
2019-03-06-16-21-42-095	468	131073	-0.06406477	0.851689	0.5855111
2019-03-06-16-21-42-099	469	131074	-0.06193872	0.8062271	0.6088399
2019-03-06-16-21-42-103	470	131075	-0.0862653	0.8074933	0.5942461
2019-03-06-16-21-42-107	471	131076	-0.02213145	0.8282689	0.5695523
2019-03-06-16-21-42-116	472	131073	-0.06406193	0.85169	0.5855055
2019-03-06-16-21-42-121	473	131074	-0.06193896	0.8062245	0.6088378
2019-03-06-16-21-42-125	474	131075	-0.08626387	0.8074983	0.594242
2019-03-06-16-21-42-129	475	131076	-0.02213112	0.828266	0.5695485
2019-03-06-16-21-42-138	476	131073	-0.0640602	0.8516934	0.5855045
2019-03-06-16-21-42-142	477	131074	-0.06193978	0.8062267	0.608837
2019-03-06-16-21-42-146	478	131075	-0.08626352	0.8074986	0.5942422
2019-03-06-16-21-42-150	479	131076	-0.02212862	0.8282708	0.5695485
2019-03-06-16-21-42-161	480	131073	-0.06406657	0.8516982	0.5855103
2019-03-06-16-21-42-165	481	131074	-0.0619414	0.8062216	0.6088371
2019-03-06-16-21-42-169	482	131075	-0.08626268	0.8074961	0.5942451
2019-03-06-16-21-42-173	483	131076	-0.02212752	0.8282806	0.5695537
2019-03-06-16-21-42-189	484	131073	-0.06406731	0.8516978	0.5855165
2019-03-06-16-21-42-193	485	131074	-0.06194378	0.8062305	0.6088462
2019-03-06-16-21-42-197	486	131075	-0.08626855	0.8075016	0.5942517
2019-03-06-16-21-42-200	487	131076	-0.02213208	0.8282763	0.5695573
2019-03-06-16-21-42-213	488	131073	-0.06406611	0.8516992	0.58552
2019-03-06-16-21-42-217	489	131074	-0.06194839	0.8062191	0.6088449
2019-03-06-16-21-42-221	490	131075	-0.08627144	0.8074973	0.5942507
2019-03-06-16-21-42-225	491	131076	-0.02213599	0.8282692	0.5695614
2019-03-06-16-21-42-239	492	131073	-0.06407142	0.8516926	0.5855167
2019-03-06-16-21-42-243	493	131074	-0.06194783	0.8062145	0.6088442
2019-03-06-16-21-42-247	494	131075	-0.08626906	0.8074903	0.594249
2019-03-06-16-21-42-251	495	131076	-0.02213522	0.8282721	0.5695606
2019-03-06-16-21-42-261	496	131073	-0.06406645	0.8516815	0.5855102
2019-03-06-16-21-42-265	497	131074	-0.06194506	0.8062192	0.6088425
2019-03-06-16-21-42-269	498	131075	-0.08626884	0.8074976	0.5942474
2019-03-06-16-21-42-273	499	131076	-0.02213478	0.8282688	0.5695552
2019-03-06-16-21-42-283	500	131073	-0.06406441	0.8516896	0.5855069
2019-03-06-16-21-42-287	501	131074	-0.06194464	0.8062264	0.608838
2019-03-06-16-21-42-291	502	131075	-0.08626664	0.8074969	0.5942433
2019-03-06-16-21-42-295	503	131076	-0.02213182	0.8282675	0.56955
2019-03-06-16-21-42-305	504	131073	-0.06406634	0.8516935	0.5855088
2019-03-06-16-21-42-309	505	131074	-0.06194208	0.8062224	0.6088387
2019-03-06-16-21-42-312	506	131075	-0.0862662	0.8074992	0.5942459
2019-03-06-16-21-42-316	507	131076	-0.02213236	0.8282713	0.569549
2019-03-06-16-21-42-326	508	131073	-0.06406289	0.8516938	0.585509
2019-03-06-16-21-42-330	509	131074	-0.06194109	0.8062233	0.608838
2019-03-06-16-21-42-334	510	131075	-0.08626258	0.8074998	0.5942432
2019-03-06-16-21-42-338	511	131076	-0.02213051	0.8282754	0.5695516
2019-03-06-16-21-42-348	512	131073	-0.06406081	0.8516985	0.5855132
2019-03-06-16-21-42-352	513	131074	-0.06194038	0.8062285	0.6088418
2019-03-06-16-21-42-356	514	131075	-0.08626299	0.8075114	0.5942467
2019-03-06-16-21-42-360	515	131076	-0.0221293	0.8282771	0.5695568
2019-03-06-16-21-42-369	516	131073	-0.06406561	0.8517006	0.5855165
2019-03-06-16-21-42-373	517	131074	-0.06194121	0.8062277	0.6088459
2019-03-06-16-21-42-377	518	131075	-0.08626749	0.8075054	0.5942514
2019-03-06-16-21-42-380	519	131076	-0.02212977	0.8282697	0.5695572
2019-03-06-16-21-42-390	520	131073	-0.06406505	0.8516982	0.5855173
2019-03-06-16-21-42-394	521	131074	-0.06194564	0.8062303	0.6088481
2019-03-06-16-21-42-398	522	131075	-0.08626752	0.8075023	0.5942498
2019-03-06-16-21-42-401	523	131076	-0.0221371	0.8282695	0.5695575
2019-03-06-16-21-42-410	524	131073	-0.06406567	0.8516924	0.5855157
2019-03-06-16-21-42-414	525	131074	-0.06194444	0.806232	0.6088443
2019-03-06-16-21-42-418	526	131075	-0.08626872	0.8075008	0.5942497
2019-03-06-16-21-42-422	527	131076	-0.02213383	0.8282788	0.5695593
2019-03-06-16-21-42-431	528	131073	-0.06406698	0.8516866	0.5855114
2019-03-06-16-21-42-436	529	131074	-0.06194485	0.8062266	0.6088416
2019-03-06-16-21-42-440	530	131075	-0.08626987	0.8074946	0.5942468
2019-03-06-16-21-42-443	531	131076	-0.02213243	0.8282703	0.5695556
2019-03-06-16-21-42-456	532	131073	-0.06404221	0.8516238	0.5855016
2019-03-06-16-21-42-460	533	131074	-0.06194171	0.8062276	0.6088397
2019-03-06-16-21-42-464	534	131075	-0.08626631	0.8074906	0.5942418
2019-03-06-16-21-42-467	535	131076	-0.02213252	0.8282655	0.5695513
2019-03-06-16-21-42-476	536	131073	-0.06406414	0.8516874	0.5855081
2019-03-06-16-21-42-481	537	131074	-0.06194114	0.8062226	0.6088379
2019-03-06-16-21-42-484	538	131075	-0.08626518	0.8074921	0.5942443
2019-03-06-16-21-42-488	539	131076	-0.02212964	0.8282683	0.569552
2019-03-06-16-21-42-498	540	131073	-0.0640628	0.8516954	0.585513
2019-03-06-16-21-42-502	541	131074	-0.06194362	0.8062316	0.6088418
2019-03-06-16-21-42-506	542	131075	-0.08626779	0.8075051	0.5942463
2019-03-06-16-21-42-510	543	131076	-0.02213254	0.8282677	0.5695533
2019-03-06-16-21-42-520	544	131073	-0.06406233	0.8516932	0.5855119
2019-03-06-16-21-42-524	545	131074	-0.06194132	0.8062316	0.6088454
2019-03-06-16-21-42-528	546	131075	-0.08626776	0.8075064	0.5942495
2019-03-06-16-21-42-531	547	131076	-0.02213339	0.8282682	0.5695553
2019-03-06-16-21-42-541	548	131073	-0.0640617	0.8516948	0.5855175
2019-03-06-16-21-42-545	549	131074	-0.0619433	0.8062292	0.6088435
2019-03-06-16-21-42-549	550	131075	-0.08626489	0.807502	0.5942463
2019-03-06-16-21-42-553	551	131076	-0.02213262	0.8282722	0.5695572
2019-03-06-16-21-42-565	552	131073	-0.06406245	0.8516974	0.5855145
2019-03-06-16-21-42-570	553	131074	-0.0619455	0.8062295	0.6088446
2019-03-06-16-21-42-574	554	131075	-0.08626647	0.8075037	0.5942495
2019-03-06-16-21-42-578	555	131076	-0.02213192	0.8282766	0.5695573
2019-03-06-16-21-42-589	556	131073	-0.06406482	0.8516974	0.5855121
2019-03-06-16-21-42-594	557	131074	-0.06194166	0.8062299	0.6088437
2019-03-06-16-21-42-597	558	131075	-0.08626651	0.8075107	0.5942485
2019-03-06-16-21-42-600	559	131076	-0.0221309	0.8282762	0.5695553
2019-03-06-16-21-42-610	560	131073	-0.06406285	0.8516972	0.5855081
2019-03-06-16-21-42-614	561	131074	-0.06194468	0.8062316	0.608843
2019-03-06-16-21-42-618	562	131075	-0.08626445	0.8075005	0.5942451
2019-03-06-16-21-42-622	563	131076	-0.02213157	0.8282706	0.5695522
2019-03-06-16-21-42-634	564	131073	-0.0640626	0.8516933	0.5855088
2019-03-06-16-21-42-638	565	131074	-0.06194254	0.806224	0.6088373
2019-03-06-16-21-42-642	566	131075	-0.08626654	0.8075011	0.5942445
2019-03-06-16-21-42-646	567	131076	-0.02213266	0.8282694	0.5695506
2019-03-06-16-21-42-656	568	131073	-0.06406708	0.8516943	0.5855093
2019-03-06-16-21-42-660	569	131074	-0.06194602	0.8062212	0.6088391
2019-03-06-16-21-42-663	570	131075	-0.08627042	0.8075005	0.5942472
2019-03-06-16-21-42-667	571	131076	-0.02213702	0.8282736	0.5695506
2019-03-06-16-21-42-679	572	131073	-0.06406557	0.8516879	0.5855141
2019-03-06-16-21-42-683	573	131074	-0.06194708	0.8062222	0.6088422
2019-03-06-16-21-42-687	574	131075	-0.08626851	0.8074956	0.5942491
2019-03-06-16-21-42-691	575	131076	-0.02213225	0.8282701	0.5695557
2019-03-06-16-21-42-703	576	131073	-0.06406722	0.8516918	0.5855193
2019-03-06-16-21-42-707	577	131074	-0.06194704	0.8062249	0.6088483
2019-03-06-16-21-42-711	578	131075	-0.08627126	0.8074934	0.5942501
2019-03-06-16-21-42-714	579	131076	-0.02213683	0.8282733	0.5695626
2019-03-06-16-21-42-724	580	131073	-0.06406515	0.8516911	0.5855153
2019-03-06-16-21-42-728	581	131074	-0.06194597	0.8062243	0.6088459
2019-03-06-16-21-42-732	582	131075	-0.08626823	0.8075005	0.5942505
2019-03-06-16-21-42-736	583	131076	-0.02213465	0.828275	0.569558
2019-03-06-16-21-42-748	584	131073	-0.06406416	0.8516982	0.5855123
2019-03-06-16-21-42-752	585	131074	-0.06194526	0.8062288	0.608844
2019-03-06-16-21-42-756	586	131075	-0.08626691	0.8074981	0.5942453
2019-03-06-16-21-42-760	587	131076	-0.02213278	0.8282748	0.5695529
2019-03-06-16-21-42-773	588	131073	-0.06406097	0.8516942	0.5855097
2019-03-06-16-21-42-777	589	131074	-0.06194194	0.8062271	0.6088365
2019-03-06-16-21-42-780	590	131075	-0.08626319	0.8075051	0.5942473
2019-03-06-16-21-42-784	591	131076	-0.0221316	0.8282695	0.569553
2019-03-06-16-21-42-793	592	131073	-0.06406227	0.8516979	0.5855053
2019-03-06-16-21-42-797	593	131074	-0.06193688	0.806227	0.6088353
2019-03-06-16-21-42-801	594	131075	-0.08626388	0.8075115	0.5942432
2019-03-06-16-21-42-805	595	131076	-0.02212923	0.8282818	0.5695483
2019-03-06-16-21-42-817	596	131073	-0.06406239	0.8516948	0.5855078
2019-03-06-16-21-42-821	597	131074	-0.06194098	0.806229	0.6088377
2019-03-06-16-21-42-825	598	131075	-0.08626303	0.8075081	0.5942461
2019-03-06-16-21-42-829	599	131076	-0.02212913	0.8282741	0.5695491
2019-03-06-16-21-42-839	600	131073	-0.06406455	0.8516961	0.5855137
2019-03-06-16-21-42-843	601	131074	-0.0619427	0.8062232	0.6088421
2019-03-06-16-21-42-846	602	131075	-0.08626485	0.8075027	0.5942451
2019-03-06-16-21-42-850	603	131076	-0.02213018	0.8282737	0.5695537
2019-03-06-16-21-42-861	604	131073	-0.06406612	0.8516904	0.5855172
2019-03-06-16-21-42-865	605	131074	-0.06194588	0.8062199	0.6088459
2019-03-06-16-21-42-869	606	131075	-0.08627035	0.8074998	0.5942527
2019-03-06-16-21-42-873	607	131076	-0.0221335	0.8282682	0.5695581
2019-03-06-16-21-42-883	608	131073	-0.06407145	0.8516923	0.5855203
2019-03-06-16-21-42-887	609	131074	-0.0619473	0.8062133	0.6088421
2019-03-06-16-21-42-892	610	131075	-0.08627189	0.8074925	0.5942516
2019-03-06-16-21-42-895	611	131076	-0.02213705	0.828267	0.5695592
2019-03-06-16-21-42-905	612	131073	-0.06406914	0.8516918	0.5855184
2019-03-06-16-21-42-909	613	131074	-0.06194723	0.8062128	0.6088446
2019-03-06-16-21-42-913	614	131075	-0.08627456	0.8074932	0.594251
2019-03-06-16-21-42-916	615	131076	-0.0221363	0.8282659	0.5695595
2019-03-06-16-21-42-927	616	131073	-0.0640666	0.851687	0.5855111
2019-03-06-16-21-42-931	617	131074	-0.06194554	0.8062164	0.60884
2019-03-06-16-21-42-935	618	131075	-0.08626949	0.8074957	0.5942451
2019-03-06-16-21-42-939	619	131076	-0.02213422	0.8282673	0.5695537
2019-03-06-16-21-42-949	620	131073	-0.06406511	0.8516902	0.5855052
2019-03-06-16-21-42-953	621	131074	-0.06194218	0.8062229	0.6088344
2019-03-06-16-21-42-957	622	131075	-0.08626548	0.8074983	0.5942432
2019-03-06-16-21-42-961	623	131076	-0.02213324	0.8282705	0.5695475
2019-03-06-16-21-42-970	624	131073	-0.06406116	0.8516971	0.5855066
2019-03-06-16-21-42-974	625	131074	-0.06194232	0.8062254	0.6088358
2019-03-06-16-21-42-978	626	131075	-0.08626281	0.8075008	0.5942408
2019-03-06-16-21-42-982	627	131076	-0.02212849	0.8282735	0.569549
2019-03-06-16-21-42-994	628	131073	-0.06406108	0.8516952	0.5855051
2019-03-06-16-21-42-998	629	131074	-0.06193979	0.806235	0.6088399
2019-03-06-16-21-43-002	630	131075	-0.08626056	0.807505	0.5942436
2019-03-06-16-21-43-006	631	131076	-0.02212813	0.8282782	0.5695493
2019-03-06-16-21-43-017	632	131073	-0.06406109	0.8517032	0.5855155
2019-03-06-16-21-43-021	633	131074	-0.0619375	0.8062269	0.6088421
2019-03-06-16-21-43-025	634	131075	-0.08626088	0.8075001	0.5942467
2019-03-06-16-21-43-029	635	131076	-0.02212582	0.8282726	0.5695541
2019-03-06-16-21-43-039	636	131073	-0.06404071	0.8516428	0.5855139
2019-03-06-16-21-43-043	637	131074	-0.06194352	0.8062187	0.6088418
2019-03-06-16-21-43-047	638	131075	-0.08626512	0.807505	0.594251
2019-03-06-16-21-43-051	639	131076	-0.02212965	0.828275	0.5695575
2019-03-06-16-21-43-064	640	131073	-0.06406808	0.8516915	0.5855181
2019-03-06-16-21-43-068	641	131074	-0.06194585	0.8062233	0.6088461
2019-03-06-16-21-43-072	642	131075	-0.08627033	0.8075036	0.594252
2019-03-06-16-21-43-076	643	131076	-0.02213657	0.8282642	0.5695547
2019-03-06-16-21-43-088	644	131073	-0.06407236	0.8516912	0.5855152
2019-03-06-16-21-43-092	645	131074	-0.06195057	0.8062154	0.6088421
2019-03-06-16-21-43-096	646	131075	-0.08627293	0.8074949	0.5942488
2019-03-06-16-21-43-100	647	131076	-0.02213844	0.828261	0.5695533
2019-03-06-16-21-43-110	648	131073	-0.06407004	0.8516868	0.5855093
2019-03-06-16-21-43-114	649	131074	-0.06194676	0.8062125	0.6088387
2019-03-06-16-21-43-118	650	131075	-0.08627199	0.8074933	0.5942445
2019-03-06-16-21-43-122	651	131076	-0.02213661	0.8282665	0.5695496
2019-03-06-16-21-43-132	652	131073	-0.06406513	0.8516873	0.5855072
2019-03-06-16-21-43-137	653	131074	-0.06194407	0.8062214	0.6088356
2019-03-06-16-21-43-141	654	131075	-0.08626471	0.8074902	0.5942412
2019-03-06-16-21-43-145	655	131076	-0.02213375	0.8282605	0.5695488
2019-03-06-16-21-43-156	656	131073	-0.06405887	0.8516864	0.5855036
2019-03-06-16-21-43-160	657	131074	-0.06194058	0.8062164	0.6088362
2019-03-06-16-21-43-164	658	131075	-0.08626223	0.8074978	0.5942435
2019-03-06-16-21-43-168	659	131076	-0.02212743	0.8282687	0.5695485
2019-03-06-16-21-43-178	660	131073	-0.06405859	0.8516935	0.5855106
2019-03-06-16-21-43-182	661	131074	-0.06194031	0.806229	0.6088426
2019-03-06-16-21-43-185	662	131075	-0.08626258	0.8075023	0.5942461
2019-03-06-16-21-43-189	663	131076	-0.02212857	0.8282708	0.5695552
2019-03-06-16-21-43-200	664	131073	-0.06405932	0.8516952	0.5855128
2019-03-06-16-21-43-204	665	131074	-0.06194253	0.8062308	0.6088437
2019-03-06-16-21-43-208	666	131075	-0.08626573	0.8075105	0.594249
2019-03-06-16-21-43-212	667	131076	-0.02212994	0.8282759	0.5695544
2019-03-06-16-21-43-222	668	131073	-0.06406366	0.8517018	0.5855157
2019-03-06-16-21-43-226	669	131074	-0.06194099	0.8062344	0.6088482
2019-03-06-16-21-43-230	670	131075	-0.08626439	0.8075065	0.5942512
2019-03-06-16-21-43-234	671	131076	-0.02213283	0.8282838	0.5695589
2019-03-06-16-21-43-247	672	131073	-0.06406581	0.8516977	0.5855179
2019-03-06-16-21-43-251	673	131074	-0.06194642	0.8062309	0.6088433
2019-03-06-16-21-43-255	674	131075	-0.08626796	0.8075106	0.5942501
2019-03-06-16-21-43-259	675	131076	-0.02213499	0.8282747	0.5695557
2019-03-06-16-21-43-269	676	131073	-0.06406919	0.8516871	0.5855091
2019-03-06-16-21-43-274	677	131074	-0.0619438	0.8062186	0.6088364
2019-03-06-16-21-43-277	678	131075	-0.08627024	0.8074978	0.5942464
2019-03-06-16-21-43-281	679	131076	-0.0221373	0.8282668	0.56955
2019-03-06-16-21-43-291	680	131073	-0.06407015	0.8516846	0.5855097
2019-03-06-16-21-43-295	681	131074	-0.06194556	0.8062217	0.6088396
2019-03-06-16-21-43-299	682	131075	-0.08627151	0.8074945	0.5942486
2019-03-06-16-21-43-303	683	131076	-0.02213724	0.8282601	0.5695515
2019-03-06-16-21-43-313	684	131073	-0.06406798	0.8516843	0.5855051
2019-03-06-16-21-43-317	685	131074	-0.06194307	0.8062113	0.6088349
2019-03-06-16-21-43-321	686	131075	-0.08626658	0.8074903	0.5942436
2019-03-06-16-21-43-325	687	131076	-0.02213572	0.8282614	0.5695465
2019-03-06-16-21-43-337	688	131073	-0.06406372	0.851681	0.5855101
2019-03-06-16-21-43-341	689	131074	-0.06194682	0.8062127	0.6088383
2019-03-06-16-21-43-345	690	131075	-0.08626601	0.8074952	0.594248
2019-03-06-16-21-43-348	691	131076	-0.02213219	0.8282642	0.5695515
2019-03-06-16-21-43-360	692	131073	-0.06406254	0.851688	0.5855169
2019-03-06-16-21-43-365	693	131074	-0.06194332	0.8062286	0.6088451
2019-03-06-16-21-43-368	694	131075	-0.08626626	0.8074923	0.5942487
2019-03-06-16-21-43-372	695	131076	-0.02213149	0.8282629	0.5695541
2019-03-06-16-21-43-385	696	131073	-0.06404314	0.8516393	0.5855157
2019-03-06-16-21-43-389	697	131074	-0.06194394	0.8062224	0.608844
2019-03-06-16-21-43-393	698	131075	-0.08626597	0.8074962	0.5942482
2019-03-06-16-21-43-397	699	131076	-0.022134	0.8282772	0.5695587
2019-03-06-16-21-43-407	700	131073	-0.06406897	0.851693	0.5855151
2019-03-06-16-21-43-411	701	131074	-0.06194509	0.8062253	0.6088417
2019-03-06-16-21-43-415	702	131075	-0.08627209	0.8075101	0.5942497
2019-03-06-16-21-43-418	703	131076	-0.02213722	0.8282749	0.5695563
2019-03-06-16-21-43-428	704	131073	-0.064068	0.8516983	0.5855089
2019-03-06-16-21-43-432	705	131074	-0.06194645	0.80623	0.6088421
2019-03-06-16-21-43-436	706	131075	-0.08627148	0.8075034	0.5942437
2019-03-06-16-21-43-440	707	131076	-0.02213512	0.8282783	0.5695539
2019-03-06-16-21-43-452	708	131073	-0.06406632	0.8516932	0.5855034
2019-03-06-16-21-43-456	709	131074	-0.06194645	0.8062181	0.6088347
2019-03-06-16-21-43-461	710	131075	-0.0862696	0.8075002	0.5942422
2019-03-06-16-21-43-464	711	131076	-0.02213096	0.8282758	0.5695496
2019-03-06-16-21-43-474	712	131073	-0.06406458	0.8516855	0.5854999
2019-03-06-16-21-43-478	713	131074	-0.06194358	0.8062205	0.6088359
2019-03-06-16-21-43-482	714	131075	-0.08626699	0.8074983	0.5942398
2019-03-06-16-21-43-486	715	131076	-0.022131	0.8282679	0.5695475
2019-03-06-16-21-43-496	716	131073	-0.06406309	0.8516811	0.585505
2019-03-06-16-21-43-500	717	131074	-0.06193918	0.8062187	0.6088402
2019-03-06-16-21-43-504	718	131075	-0.08626591	0.8074915	0.5942423
2019-03-06-16-21-43-514	719	131076	-0.02212877	0.8282593	0.5695491
2019-03-06-16-21-43-525	720	131073	-0.06406476	0.85168	0.5855161
2019-03-06-16-21-43-528	721	131074	-0.06194258	0.8062099	0.6088436
2019-03-06-16-21-43-532	722	131075	-0.08626866	0.8074909	0.59425
2019-03-06-16-21-43-536	723	131076	-0.02213317	0.8282637	0.569561
2019-03-06-16-21-43-546	724	131073	-0.06406684	0.8516868	0.585519
2019-03-06-16-21-43-550	725	131074	-0.06194675	0.8062211	0.6088487
2019-03-06-16-21-43-554	726	131075	-0.08626962	0.8074888	0.5942507
2019-03-06-16-21-43-558	727	131076	-0.02213416	0.8282625	0.5695614
2019-03-06-16-21-43-568	728	131073	-0.06406924	0.8517004	0.5855243
2019-03-06-16-21-43-572	729	131074	-0.06194421	0.8062215	0.6088504
2019-03-06-16-21-43-576	730	131075	-0.08627366	0.8074992	0.5942557
2019-03-06-16-21-43-580	731	131076	-0.02213621	0.8282653	0.5695615
2019-03-06-16-21-43-589	732	131073	-0.06406751	0.8516924	0.5855146
2019-03-06-16-21-43-593	733	131074	-0.06194777	0.8062178	0.6088425
2019-03-06-16-21-43-597	734	131075	-0.08626752	0.8074934	0.5942493
2019-03-06-16-21-43-601	735	131076	-0.02213636	0.8282684	0.5695568
2019-03-06-16-21-43-612	736	131073	-0.06406636	0.8516976	0.5855082
2019-03-06-16-21-43-616	737	131074	-0.06194444	0.8062306	0.6088387
2019-03-06-16-21-43-620	738	131075	-0.08626693	0.8075033	0.5942425
2019-03-06-16-21-43-624	739	131076	-0.02213337	0.8282696	0.56955
2019-03-06-16-21-43-636	740	131073	-0.0640627	0.8516906	0.5854978
2019-03-06-16-21-43-641	741	131074	-0.06193998	0.8062286	0.6088356
2019-03-06-16-21-43-645	742	131075	-0.08626598	0.8074992	0.5942394
2019-03-06-16-21-43-649	743	131076	-0.022128	0.8282754	0.5695471
2019-03-06-16-21-43-660	744	131073	-0.06405885	0.8516936	0.5855031
2019-03-06-16-21-43-665	745	131074	-0.06193598	0.8062265	0.6088384
2019-03-06-16-21-43-669	746	131075	-0.08626252	0.8074967	0.5942391
2019-03-06-16-21-43-673	747	131076	-0.02214106	0.8282553	0.5695118
2019-03-06-16-21-43-685	748	131073	-0.06406187	0.8516961	0.5855127
2019-03-06-16-21-43-689	749	131074	-0.06194136	0.8062204	0.6088386
2019-03-06-16-21-43-694	750	131075	-0.08626586	0.8074958	0.5942439
2019-03-06-16-21-43-698	751	131076	-0.02212824	0.82827	0.5695515
2019-03-06-16-21-43-707	752	131073	-0.06406301	0.8516918	0.5855201
2019-03-06-16-21-43-712	753	131074	-0.06193982	0.8062186	0.6088481
2019-03-06-16-21-43-715	754	131075	-0.08626642	0.8074975	0.5942522
2019-03-06-16-21-43-720	755	131076	-0.02212936	0.8282679	0.5695584
2019-03-06-16-21-43-731	756	131073	-0.06406736	0.8516888	0.5855241
2019-03-06-16-21-43-736	757	131074	-0.06194608	0.8062204	0.6088478
2019-03-06-16-21-43-740	758	131075	-0.08626972	0.8074968	0.5942574
2019-03-06-16-21-43-745	759	131076	-0.02213623	0.8282676	0.5695626
2019-03-06-16-21-43-757	760	131073	-0.06407069	0.8516831	0.5855197
2019-03-06-16-21-43-762	761	131074	-0.06194903	0.8062205	0.6088442
2019-03-06-16-21-43-766	762	131075	-0.08627562	0.8074928	0.5942498
2019-03-06-16-21-43-771	763	131076	-0.02213772	0.8282644	0.5695584
2019-03-06-16-21-43-781	764	131073	-0.06406756	0.8516815	0.5855143
2019-03-06-16-21-43-786	765	131074	-0.0619473	0.8062171	0.6088408
2019-03-06-16-21-43-790	766	131075	-0.08627158	0.8074862	0.594246
2019-03-06-16-21-43-795	767	131076	-0.02213592	0.828263	0.569554
2019-03-06-16-21-43-805	768	131073	-0.06406321	0.8516774	0.5854995
2019-03-06-16-21-43-810	769	131074	-0.06194288	0.8062149	0.6088349
2019-03-06-16-21-43-814	770	131075	-0.08626451	0.8074905	0.5942394
2019-03-06-16-21-43-819	771	131076	-0.02213097	0.8282593	0.5695449
2019-03-06-16-21-43-832	772	131073	-0.06405901	0.8516948	0.5855023
2019-03-06-16-21-43-837	773	131074	-0.06193741	0.8062246	0.6088352
2019-03-06-16-21-43-841	774	131075	-0.08626188	0.807494	0.5942445
2019-03-06-16-21-43-846	775	131076	-0.02212222	0.8282701	0.569546
2019-03-06-16-21-43-858	776	131073	-0.06405693	0.8516988	0.5855115
2019-03-06-16-21-43-863	777	131074	-0.06193788	0.8062242	0.6088363
2019-03-06-16-21-43-867	778	131075	-0.08625768	0.8075018	0.5942459
2019-03-06-16-21-43-871	779	131076	-0.02212433	0.8282698	0.5695513
2019-03-06-16-21-43-881	780	131073	-0.06405941	0.8516996	0.5855182
2019-03-06-16-21-43-885	781	131074	-0.06194241	0.8062286	0.608843
2019-03-06-16-21-43-889	782	131075	-0.086264	0.8075168	0.5942502
2019-03-06-16-21-43-893	783	131076	-0.02212523	0.8282701	0.5695571
2019-03-06-16-21-43-904	784	131073	-0.06406443	0.8516942	0.5855234
2019-03-06-16-21-43-908	785	131074	-0.06194217	0.8062298	0.6088476
2019-03-06-16-21-43-912	786	131075	-0.08626606	0.8075055	0.5942538
2019-03-06-16-21-43-916	787	131076	-0.02213182	0.8282688	0.5695601
2019-03-06-16-21-43-927	788	131073	-0.06406478	0.8516883	0.5855224
2019-03-06-16-21-43-932	789	131074	-0.06194513	0.8062194	0.6088471
2019-03-06-16-21-43-936	790	131075	-0.08626799	0.8074882	0.5942504
2019-03-06-16-21-43-939	791	131076	-0.02213189	0.8282587	0.5695573
2019-03-06-16-21-43-949	792	131073	-0.06406971	0.8516803	0.5855134
2019-03-06-16-21-43-953	793	131074	-0.06194568	0.8062146	0.60884
2019-03-06-16-21-43-957	794	131075	-0.0862704	0.8074866	0.5942485
2019-03-06-16-21-43-961	795	131076	-0.02213228	0.8282593	0.5695496
2019-03-06-16-21-43-970	796	131073	-0.06406979	0.8516785	0.5855022
2019-03-06-16-21-43-974	797	131074	-0.06194554	0.8062152	0.6088385
2019-03-06-16-21-43-979	798	131075	-0.08627337	0.8074813	0.594245
2019-03-06-16-21-43-983	799	131076	-0.02213416	0.8282554	0.5695494
2019-03-06-16-21-43-992	800	131073	-0.06406651	0.8516799	0.5854993
2019-03-06-16-21-43-997	801	131074	-0.06194499	0.8062171	0.608838
2019-03-06-16-21-44-001	802	131075	-0.08626649	0.8074927	0.5942385
2019-03-06-16-21-44-005	803	131076	-0.02213086	0.8282609	0.5695445
2019-03-06-16-21-44-015	804	131073	-0.06405932	0.8516869	0.5855052
2019-03-06-16-21-44-019	805	131074	-0.06193801	0.8062147	0.6088375
2019-03-06-16-21-44-023	806	131075	-0.08626508	0.8074986	0.5942477
2019-03-06-16-21-44-027	807	131076	-0.02212832	0.8282641	0.5695489
2019-03-06-16-21-44-036	808	131073	-0.06405673	0.8516903	0.5855111
2019-03-06-16-21-44-040	809	131074	-0.06193544	0.8062192	0.6088392
2019-03-06-16-21-44-044	810	131075	-0.08626132	0.8074948	0.5942463
2019-03-06-16-21-44-048	811	131076	-0.0221244	0.8282675	0.5695527
2019-03-06-16-21-44-059	812	131073	-0.06405896	0.8517002	0.5855209
2019-03-06-16-21-44-063	813	131074	-0.06193615	0.8062266	0.6088476
2019-03-06-16-21-44-067	814	131075	-0.08626065	0.8075053	0.5942505
2019-03-06-16-21-44-071	815	131076	-0.02212449	0.8282772	0.5695604
2019-03-06-16-21-44-081	816	131073	-0.06406356	0.8517047	0.5855205
2019-03-06-16-21-44-086	817	131074	-0.06194247	0.8062346	0.6088497
2019-03-06-16-21-44-090	818	131075	-0.08626366	0.8075017	0.5942513
2019-03-06-16-21-44-095	819	131076	-0.02212732	0.8282781	0.5695613
2019-03-06-16-21-44-106	820	131073	-0.06406387	0.8516939	0.5855166
2019-03-06-16-21-44-111	821	131074	-0.06194224	0.8062229	0.6088424
2019-03-06-16-21-44-116	822	131075	-0.08626925	0.807501	0.5942487
2019-03-06-16-21-44-121	823	131076	-0.02213113	0.8282673	0.5695574
2019-03-06-16-21-44-136	824	131073	-0.06406779	0.8516817	0.5855061
2019-03-06-16-21-44-142	825	131074	-0.06194137	0.8062107	0.6088369
2019-03-06-16-21-44-147	826	131075	-0.08627095	0.8075	0.5942459
2019-03-06-16-21-44-152	827	131076	-0.02213261	0.8282629	0.5695496
2019-03-06-16-21-44-163	828	131073	-0.06406731	0.8516752	0.5855022
2019-03-06-16-21-44-168	829	131074	-0.06194525	0.806208	0.608833
2019-03-06-16-21-44-172	830	131075	-0.08627116	0.8074875	0.5942442
2019-03-06-16-21-44-177	831	131076	-0.02213367	0.8282582	0.5695463
2019-03-06-16-21-44-187	832	131073	-0.06406237	0.8516854	0.5855083
2019-03-06-16-21-44-192	833	131074	-0.06193848	0.8062133	0.6088369
2019-03-06-16-21-44-196	834	131075	-0.08626541	0.8074904	0.5942443
2019-03-06-16-21-44-201	835	131076	-0.02213034	0.8282562	0.5695482
2019-03-06-16-21-44-215	836	131073	-0.06405841	0.8516901	0.5855214
2019-03-06-16-21-44-220	837	131074	-0.06193604	0.8062167	0.6088439
2019-03-06-16-21-44-224	838	131075	-0.08626602	0.807499	0.5942509
2019-03-06-16-21-44-229	839	131076	-0.02212809	0.8282633	0.5695574
2019-03-06-16-21-44-243	840	131073	-0.064037	0.8516385	0.5855181
2019-03-06-16-21-44-249	841	131074	-0.0619377	0.8062211	0.608849
2019-03-06-16-21-44-255	842	131075	-0.0862642	0.8075044	0.5942523
2019-03-06-16-21-44-260	843	131076	-0.02212695	0.8282758	0.5695624
2019-03-06-16-21-44-274	844	131073	-0.06406157	0.8516923	0.585516
2019-03-06-16-21-44-280	845	131074	-0.06193738	0.8062307	0.6088478
2019-03-06-16-21-44-285	846	131075	-0.08626448	0.8075081	0.5942506
2019-03-06-16-21-44-291	847	131076	-0.02212929	0.8282743	0.5695586
2019-03-06-16-21-44-304	848	131073	-0.06406196	0.8516918	0.5855048
2019-03-06-16-21-44-310	849	131074	-0.06193926	0.8062249	0.6088382
2019-03-06-16-21-44-316	850	131075	-0.08626517	0.8075054	0.5942433
2019-03-06-16-21-44-321	851	131076	-0.02212769	0.8282682	0.5695492
2019-03-06-16-21-44-334	852	131073	-0.06406312	0.8516826	0.5854982
2019-03-06-16-21-44-340	853	131074	-0.06194065	0.8062158	0.6088324
2019-03-06-16-21-44-345	854	131075	-0.08626485	0.8074911	0.594241
2019-03-06-16-21-44-350	855	131076	-0.02212895	0.8282571	0.5695441
2019-03-06-16-21-44-363	856	131073	-0.0640636	0.851681	0.5855023
2019-03-06-16-21-44-368	857	131074	-0.06194042	0.8062114	0.6088352
2019-03-06-16-21-44-374	858	131075	-0.08626886	0.8074849	0.5942413
2019-03-06-16-21-44-379	859	131076	-0.02213139	0.8282617	0.5695503
2019-03-06-16-21-44-392	860	131073	-0.06406365	0.851688	0.5855207
2019-03-06-16-21-44-397	861	131074	-0.0619426	0.8062106	0.6088426
2019-03-06-16-21-44-402	862	131075	-0.08626819	0.8074942	0.5942531
2019-03-06-16-21-44-407	863	131076	-0.02213063	0.8282607	0.5695612
2019-03-06-16-21-44-421	864	131073	-0.06406444	0.8516904	0.5855234
2019-03-06-16-21-44-426	865	131074	-0.06194289	0.806213	0.6088467
2019-03-06-16-21-44-431	866	131075	-0.08626864	0.8074967	0.5942521
2019-03-06-16-21-44-436	867	131076	-0.02213183	0.8282576	0.5695593
2019-03-06-16-21-44-450	868	131073	-0.06406482	0.8516947	0.5855148
2019-03-06-16-21-44-455	869	131074	-0.06194426	0.8062189	0.6088435
2019-03-06-16-21-44-460	870	131075	-0.08626959	0.8075067	0.5942512
2019-03-06-16-21-44-465	871	131076	-0.02213029	0.8282687	0.5695561
2019-03-06-16-21-44-478	872	131073	-0.06406234	0.8516962	0.5855061
2019-03-06-16-21-44-484	873	131074	-0.06194083	0.8062168	0.6088361
2019-03-06-16-21-44-489	874	131075	-0.0862655	0.8074988	0.5942391
2019-03-06-16-21-44-493	875	131076	-0.02212864	0.8282713	0.5695497
2019-03-06-16-21-44-509	876	131073	-0.06405688	0.8516901	0.5854961
2019-03-06-16-21-44-514	877	131074	-0.06193595	0.8062229	0.6088305
2019-03-06-16-21-44-519	878	131075	-0.08626238	0.8075013	0.5942379
2019-03-06-16-21-44-525	879	131076	-0.02212445	0.8282653	0.5695421
2019-03-06-16-21-44-539	880	131073	-0.06406226	0.8516901	0.5855047
2019-03-06-16-21-44-547	881	131074	-0.06193942	0.8062167	0.6088369
2019-03-06-16-21-44-554	882	131075	-0.08626381	0.8074937	0.5942413
2019-03-06-16-21-44-562	883	131076	-0.02212774	0.8282576	0.5695462
2019-03-06-16-21-44-578	884	131073	-0.06406596	0.8516954	0.5855244
2019-03-06-16-21-44-587	885	131074	-0.06194548	0.8062151	0.6088454
2019-03-06-16-21-44-595	886	131075	-0.08627092	0.8074917	0.5942513
2019-03-06-16-21-44-603	887	131076	-0.02213508	0.8282657	0.5695581
2019-03-06-16-21-44-618	888	131073	-0.06406637	0.8516855	0.5855193
2019-03-06-16-21-44-626	889	131074	-0.06194677	0.8062093	0.6088423
2019-03-06-16-21-44-634	890	131075	-0.08627013	0.8074902	0.5942542
2019-03-06-16-21-44-640	891	131076	-0.02213318	0.8282562	0.5695574
2019-03-06-16-21-44-653	892	131073	-0.06406328	0.8516838	0.5855055
2019-03-06-16-21-44-658	893	131074	-0.0619428	0.8062157	0.608835
2019-03-06-16-21-44-663	894	131075	-0.086266	0.8074905	0.5942404
2019-03-06-16-21-44-668	895	131076	-0.02212907	0.8282648	0.5695491
2019-03-06-16-21-44-682	896	131073	-0.06406288	0.8516922	0.5854977
2019-03-06-16-21-44-686	897	131074	-0.06194302	0.8062218	0.6088336
2019-03-06-16-21-44-691	898	131075	-0.08626609	0.8075013	0.5942386
2019-03-06-16-21-44-696	899	131076	-0.02212843	0.8282712	0.5695437
2019-03-06-16-21-44-715	900	131073	-0.06406155	0.851695	0.5855085
2019-03-06-16-21-44-725	901	131074	-0.06194016	0.8062251	0.6088377
2019-03-06-16-21-44-735	902	131075	-0.08626224	0.8075052	0.594245
2019-03-06-16-21-44-745	903	131076	-0.0221291	0.8282668	0.5695496
2019-03-06-16-21-44-765	904	131073	-0.06406758	0.8516882	0.5855197
2019-03-06-16-21-44-775	905	131074	-0.06194992	0.8062215	0.6088485
2019-03-06-16-21-44-780	906	131075	-0.08627315	0.8074901	0.5942502
2019-03-06-16-21-44-785	907	131076	-0.02213817	0.8282685	0.5695611
2019-03-06-16-21-44-798	908	131073	-0.0640661	0.8516814	0.5855135
2019-03-06-16-21-44-803	909	131074	-0.06194463	0.8062199	0.6088433
2019-03-06-16-21-44-808	910	131075	-0.08626844	0.8074887	0.5942476
2019-03-06-16-21-44-813	911	131076	-0.02213424	0.8282574	0.5695531
2019-03-06-16-21-44-827	912	131073	-0.06406612	0.8516788	0.5855052
2019-03-06-16-21-44-832	913	131074	-0.06194596	0.806213	0.608835
2019-03-06-16-21-44-837	914	131075	-0.08626941	0.8074867	0.5942432
2019-03-06-16-21-44-842	915	131076	-0.02213353	0.8282568	0.5695474
2019-03-06-16-21-44-856	916	131073	-0.06406507	0.8516804	0.5855003
2019-03-06-16-21-44-861	917	131074	-0.06194359	0.8062154	0.6088327
2019-03-06-16-21-44-865	918	131075	-0.08626743	0.8074998	0.5942411
2019-03-06-16-21-44-870	919	131076	-0.02213214	0.8282684	0.5695449
2019-03-06-16-21-44-883	920	131073	-0.06406014	0.8516979	0.5855104
2019-03-06-16-21-44-888	921	131074	-0.0619412	0.8062173	0.6088356
2019-03-06-16-21-44-893	922	131075	-0.08626394	0.807505	0.594245
2019-03-06-16-21-44-898	923	131076	-0.02213183	0.828274	0.5695533
2019-03-06-16-21-44-911	924	131073	-0.06406695	0.8516896	0.5855165
2019-03-06-16-21-44-915	925	131074	-0.06194364	0.8062299	0.6088455
2019-03-06-16-21-44-920	926	131075	-0.08626816	0.8075042	0.594249
2019-03-06-16-21-44-925	927	131076	-0.02213148	0.8282727	0.569556
2019-03-06-16-21-44-937	928	131073	-0.06406907	0.8516985	0.5855216
2019-03-06-16-21-44-942	929	131074	-0.06194508	0.8062206	0.6088463
2019-03-06-16-21-44-947	930	131075	-0.08627014	0.8075018	0.5942513
2019-03-06-16-21-44-952	931	131076	-0.02213548	0.828269	0.5695581
2019-03-06-16-21-44-969	932	131073	-0.06406493	0.8516826	0.5855048
2019-03-06-16-21-44-976	933	131074	-0.0619449	0.8062118	0.6088396
2019-03-06-16-21-44-984	934	131075	-0.08626755	0.8074865	0.5942444
2019-03-06-16-21-44-991	935	131076	-0.02213511	0.8282643	0.5695525
2019-03-06-16-21-45-003	936	131073	-0.06406431	0.8516744	0.5855039
2019-03-06-16-21-45-008	937	131074	-0.06194505	0.8062118	0.6088343
2019-03-06-16-21-45-012	938	131075	-0.08626965	0.8074781	0.5942392
2019-03-06-16-21-45-017	939	131076	-0.02212978	0.8282592	0.569549
2019-03-06-16-21-45-031	940	131073	-0.06406086	0.8516755	0.5855032
2019-03-06-16-21-45-036	941	131074	-0.06194496	0.8062167	0.6088365
2019-03-06-16-21-45-040	942	131075	-0.08626309	0.8074817	0.5942405
2019-03-06-16-21-45-045	943	131076	-0.02212977	0.8282588	0.5695469
2019-03-06-16-21-45-057	944	131073	-0.06406486	0.8516881	0.5855146
2019-03-06-16-21-45-062	945	131074	-0.06194397	0.806218	0.6088443
2019-03-06-16-21-45-067	946	131075	-0.08626889	0.8074917	0.5942454
2019-03-06-16-21-45-072	947	131076	-0.02213307	0.8282684	0.5695536
2019-03-06-16-21-45-084	948	131073	-0.06406613	0.851701	0.5855217
2019-03-06-16-21-45-089	949	131074	-0.06194515	0.8062336	0.6088468
2019-03-06-16-21-45-094	950	131075	-0.08626816	0.8075056	0.5942527
2019-03-06-16-21-45-099	951	131076	-0.02213449	0.8282725	0.5695574
2019-03-06-16-21-45-111	952	131073	-0.06406742	0.8517024	0.5855199
2019-03-06-16-21-45-116	953	131074	-0.06194672	0.8062306	0.6088454
2019-03-06-16-21-45-125	954	131075	-0.08626936	0.8075031	0.5942501
2019-03-06-16-21-45-129	955	131076	-0.0221354	0.8282762	0.5695565
2019-03-06-16-21-45-143	956	131073	-0.06406534	0.8516886	0.5855055
2019-03-06-16-21-45-149	957	131074	-0.06194211	0.806232	0.6088413
2019-03-06-16-21-45-154	958	131075	-0.08626818	0.8075047	0.5942449
2019-03-06-16-21-45-158	959	131076	-0.02213334	0.8282745	0.569553
2019-03-06-16-21-45-170	960	131073	-0.06406509	0.8516846	0.5855035
2019-03-06-16-21-45-174	961	131074	-0.06194447	0.8062214	0.6088358
2019-03-06-16-21-45-178	962	131075	-0.08626604	0.8074921	0.5942373
2019-03-06-16-21-45-182	963	131076	-0.0221328	0.8282715	0.5695468
2019-03-06-16-21-45-192	964	131073	-0.06406093	0.8516784	0.5855008
2019-03-06-16-21-45-196	965	131074	-0.06194066	0.8062227	0.6088378
2019-03-06-16-21-45-200	966	131075	-0.08626512	0.8074855	0.5942387
2019-03-06-16-21-45-204	967	131076	-0.02213205	0.8282592	0.5695461
2019-03-06-16-21-45-216	968	131073	-0.06406493	0.8516858	0.58551
2019-03-06-16-21-45-220	969	131074	-0.06194521	0.8062207	0.6088405
2019-03-06-16-21-45-223	970	131075	-0.08626667	0.8074905	0.5942461
2019-03-06-16-21-45-227	971	131076	-0.02213353	0.8282672	0.5695496
2019-03-06-16-21-45-240	972	131073	-0.06406628	0.8516848	0.5855176
2019-03-06-16-21-45-244	973	131074	-0.06194621	0.8062171	0.608844
2019-03-06-16-21-45-247	974	131075	-0.08627065	0.8074918	0.5942491
2019-03-06-16-21-45-251	975	131076	-0.02213633	0.8282662	0.569558
2019-03-06-16-21-45-264	976	131073	-0.06406409	0.8516858	0.5855181
2019-03-06-16-21-45-268	977	131074	-0.0619485	0.8062226	0.6088471
2019-03-06-16-21-45-271	978	131075	-0.08627068	0.8074991	0.5942565
2019-03-06-16-21-45-275	979	131076	-0.02213555	0.8282648	0.5695614
